1000
19
11 943
6 648
62 780
30 963
44 203
28 218
8 62
87 443
38 38
230 23
15 811
7 953
20 406
52 455
8 502
192 752
68 67
17 917
73 455
19
40 309
8 208
40 898
45 272
82 756
31 699
198 468
107 2
1 781
73 943
75 701
48 558
14 558
18 9
42 797
20 141
20 318
5 39
47 464
24
14 361
19 679
25 633
1 184
117 161
47 380
8 551
22 684
35 218
1 137
73 949
18 515
11 972
82 798
37 741
2 807
38 17
11 324
119 338
13 731
17 347
25 840
46 639
194 672
20
28 406
15 736
38 191
79 986
98 641
121 541
11 860
65 981
14 169
43 884
43 671
18 160
8 195
58 386
57 74
4 679
7 108
4 341
77 936
123 973
16
1 437
8 667
77 850
108 405
50 780
75 390
67 256
59 758
43 374
66 959
59 482
11 995
1 939
82 729
4 871
137 15
19
18 202
22 664
81 476
101 765
3 514
6 650
3 490
94 485
52 698
31 979
49 134
15 859
43 794
14 647
69 327
10 860
65 824
65 801
247 97
20
28 339
56 371
15 172
122 690
42 375
15 145
9 323
4 805
40 445
76 563
19 238
113 932
44 748
108 812
11 93
35 93
56 617
20 975
145 671
5 694
18
41 66
71 360
1 350
140 357
24 716
3 417
67 934
14 967
39 850
2 849
140 181
6 54
20 91
59 509
11 875
48 493
147 112
51 667
19
71 258
21 242
8 529
91 816
128 7
77 900
103 513
134 577
41 681
16 918
15 374
34 476
81 561
15 609
9 56
9 730
70 162
7 196
2 649
21
22 70
17 274
113 71
13 25
43 714
19 584
23 974
136 323
203 383
74 202
55 159
48 978
11 439
16 687
13 927
1 886
30 536
3 96
8 903
90 569
50 233
16
130 483
50 881
140 307
39 739
57 339
24 172
187 308
53 11
50 13
5 914
45 4
14 386
20 193
66 515
100 648
9 10
22
24 699
98 518
36 985
6 142
21 209
32 658
43 352
2 400
94 835
129 100
100 703
4 272
20 741
5 568
4 565
109 689
2 237
3 874
12 929
112 546
118 226
4 771
15
2 800
43 812
30 971
109 678
12 936
37 71
11 823
223 855
37 463
121 746
49 213
152 179
21 961
73 622
56 623
21
95 900
16 625
39 988
68 69
1 568
46 237
22 198
71 94
79 401
35 942
60 940
48 990
5 409
50 448
7 283
22 999
10 620
29 379
110 821
29 40
71 551
20
10 650
53 916
55 519
49 24
75 707
100 28
193 338
26 379
20 894
132 291
11 280
8 517
10 398
15 780
39 392
37 50
76 273
14 482
1 906
6 632
21
66 284
71 479
24 541
27 678
36 411
37 330
15 312
123 382
90 629
20 638
23 97
46 55
40 799
38 486
48 808
22 46
60 771
52 730
29 383
79 882
9 212
16
5 623
101 752
70 529
71 454
4 436
15 820
13 277
177 515
74 855
27 861
285 806
70 760
6 323
13 974
20 789
24 580
20
8 918
77 531
24 236
104 725
71 144
40 608
44 708
59 116
43 905
14 689
10 814
3 625
60 204
54 818
26 347
9 70
140 329
43 158
91 961
13 289
15
57 244
130 629
25 777
26 121
15 865
86 33
44 196
4 391
93 418
104 322
101 1000
132 979
19 633
27 701
47 853
19
74 748
4 259
16 712
52 894
34 800
28 389
117 676
119 217
46 483
43 835
16 843
58 569
85 527
22 414
6 799
58 805
14 828
61 804
67 75
22
69 655
80 955
22 996
2 432
8 840
177 113
162 39
13 105
17 241
16 344
38 156
12 291
21 669
77 32
30 241
3 210
10 390
4 372
104 220
15 656
7 774
30 376
16
144 246
162 477
47 522
100 349
39 100
30 563
114 366
12 380
22 725
110 803
90 947
30 156
41 355
16 191
12 272
4 624
18
124 980
10 201
81 310
20 460
46 300
52 602
16 497
65 881
4 531
9 567
103 786
50 841
48 37
3 896
48 704
23 950
45 999
115 172
20
48 439
31 855
100 498
10 742
124 145
2 167
15 867
89 127
5 519
120 935
36 742
81 409
89 579
12 75
96 480
11 725
2 723
28 515
14 559
20 879
21
36 447
115 897
26 474
64 312
61 443
24 681
120 378
4 226
12 622
13 454
18 546
50 952
45 794
38 838
21 296
17 480
6 908
194 950
25 594
8 877
15 20
14
143 444
89 399
152 631
34 66
210 306
34 529
131 444
9 662
11 187
10 968
1 555
12 96
12 375
11 553
19
168 14
28 816
34 365
53 933
30 270
90 102
5 88
16 169
20 558
94 527
30 367
72 391
2 931
57 649
55 876
39 130
130 961
17 149
12 86
17
118 152
5 427
101 776
5 222
129 216
50 534
24 152
47 561
15 239
23 187
30 300
96 570
38 538
7 722
63 797
109 531
63 315
22
119 693
8 487
28 460
108 793
2 325
54 150
5 704
39 154
8 999
6 308
73 878
111 322
51 4
7 506
11 551
14 607
67 41
100 513
21 210
25 478
7 666
19 249
23
10 64
2 22
71 798
22 718
20 960
20 125
19 672
22 609
10 602
86 52
89 159
15 157
23 457
38 747
8 745
3 921
2 206
120 117
13 126
52 117
74 615
84 633
130 337
22
26 925
24 115
4 806
79 181
92 810
14 612
26 115
31 696
17 989
7 770
49 10
81 515
9 458
78 370
62 920
10 387
131 280
101 272
4 613
17 487
17 868
8 316
19
52 509
92 233
24 38
44 330
1 195
24 807
3 456
98 579
21 912
17 760
112 837
64 696
70 294
14 119
15 901
128 667
130 124
29 20
30 903
27
2 168
26 223
66 150
69 355
7 30
2 483
1 84
55 353
1 752
28 721
33 349
17 586
36 772
4 618
15 933
35 692
6 945
95 481
40 989
85 474
38 54
66 84
8 437
82 882
69 520
43 272
37 962
20
105 236
53 248
110 946
36 128
35 131
72 411
92 915
30 539
28 839
19 795
48 289
23 672
48 501
53 53
47 702
3 59
15 201
104 323
7 726
20 233
19
28 390
2 393
9 203
12 548
89 891
41 864
84 622
30 728
18 269
57 125
139 792
95 87
49 724
13 122
145 643
27 745
41 608
37 115
23 960
21
9 707
29 143
36 977
33 989
83 719
35 420
32 296
9 207
65 89
21 631
8 497
138 556
3 217
14 260
57 197
77 615
135 979
57 188
1 347
82 219
25 269
23
136 13
37 542
14 904
11 498
16 688
23 84
74 111
39 602
47 668
50 915
53 844
81 183
3 96
14 747
32 786
48 931
2 128
92 231
24 780
41 5
53 296
14 633
13 593
18
22 925
95 633
14 535
29 607
22 952
17 809
30 535
75 396
18 148
52 892
76 380
125 448
7 67
55 516
47 763
192 664
29 598
55 207
12
86 287
27 543
80 687
59 807
77 236
39 616
81 661
207 734
74 963
69 416
30 889
21 898
21
4 341
79 94
50 655
150 203
73 35
13 600
67 142
32 835
128 78
17 382
10 683
6 350
26 598
33 299
9 300
13 934
138 403
26 9
15 484
11 189
23 818
23
14 148
156 531
76 264
26 521
87 459
63 237
6 669
10 53
9 176
62 30
55 235
7 500
7 412
51 136
3 758
52 282
16 889
42 310
68 912
56 532
15 733
13 731
13 357
17
69 606
44 779
41 149
93 902
9 379
5 67
15 784
37 361
7 541
40 197
142 202
162 225
31 401
37 526
137 613
8 492
4 159
19
43 662
62 11
17 355
28 361
11 730
9 772
11 824
105 276
124 768
40 77
8 24
3 939
28 346
51 534
61 506
67 492
66 3
97 930
73 18
21
1 359
4 471
18 906
46 208
58 705
29 546
11 488
17 284
80 547
18 360
24 906
212 438
10 506
67 201
40 752
64 185
7 884
27 489
14 909
69 744
129 326
22
6 142
117 954
25 473
39 691
40 801
20 658
20 4
4 773
124 179
139 940
19 622
39 459
10 108
30 796
20 941
29 504
19 637
93 858
38 191
84 807
12 61
17 238
18
53 279
30 523
5 180
16 955
72 909
34 716
103 964
11 670
59 262
99 768
34 936
91 255
13 823
58 103
76 254
91 32
68 24
4 42
16
105 62
69 627
33 807
4 328
121 344
48 481
24 611
101 283
37 923
8 608
70 806
109 290
113 758
12 552
53 677
36 948
24
13 72
9 477
150 727
7 273
54 4
5 448
32 945
46 38
65 642
10 901
4 933
4 541
37 988
73 190
16 515
142 941
27 894
2 620
77 4
19 54
35 812
27 337
76 809
17 188
16
146 822
106 199
6 593
29 118
25 327
20 726
144 239
87 424
13 450
4 170
33 224
79 576
1 598
20 839
61 257
100 836
17
6 342
198 710
11 536
142 508
39 998
3 710
23 34
46 759
11 731
17 31
46 487
19 685
13 968
30 232
3 817
191 322
21 913
20
15 620
124 379
4 556
14 656
16 133
102 401
51 994
36 121
77 757
31 401
91 481
71 778
2 424
18 61
18 662
135 566
10 178
8 927
9 42
75 169
18
2 720
103 257
28 990
150 786
81 182
43 457
27 166
88 91
22 255
22 249
67 196
16 566
24 92
39 845
51 437
1 487
64 749
92 559
18
25 889
97 38
6 733
7 959
144 790
38 513
92 964
47 971
9 135
13 112
3 377
60 792
69 50
88 894
90 322
15 323
14 649
79 212
18
77 986
1 73
3 3
18 804
28 223
178 131
53 828
1 581
6 176
15 592
84 398
107 919
22 764
41 319
15 304
48 224
43 215
187 697
21
42 543
45 636
29 831
158 453
12 203
74 361
12 307
29 658
64 927
43 837
82 600
67 664
76 636
44 280
2 913
25 144
11 974
23 680
35 189
47 925
9 10
18
44 149
115 603
63 578
5 170
15 579
57 707
2 487
6 912
48 450
34 582
3 544
237 946
20 159
35 386
29 354
83 263
128 768
20 649
19
15 996
11 542
6 925
109 329
76 564
15 997
13 789
100 566
80 321
84 258
221 388
9 429
16 98
6 500
63 854
6 201
37 881
23 163
39 761
23
22 486
3 600
21 607
11 851
87 39
93 552
20 670
5 873
128 739
6 635
13 374
27 951
14 88
59 81
24 208
32 444
14 746
9 883
40 230
66 992
79 200
66 600
51 84
21
48 23
62 556
21 184
5 243
81 479
41 862
68 872
116 963
75 791
1 162
31 650
63 625
10 250
75 549
6 766
56 476
12 971
26 688
3 605
10 603
71 252
19
57 983
20 317
18 893
32 751
76 503
10 481
6 929
27 206
159 537
69 645
21 306
3 278
19 388
70 176
43 384
108 440
50 251
117 588
10 347
15
138 965
37 933
2 100
58 284
43 993
105 927
73 948
21 486
40 728
68 168
27 26
58 493
128 612
49 587
72 571
17
4 825
22 738
49 457
37 656
193 992
145 892
47 773
69 140
27 738
22 790
50 855
15 282
8 993
18 673
20 664
152 99
42 47
18
8 131
158 153
40 842
59 264
105 757
177 124
19 755
17 766
1 525
69 672
24 559
13 319
11 288
19 289
33 286
56 403
25 213
46 72
22
21 765
20 223
9 569
122 700
18 298
15 284
50 742
18 353
59 215
24 668
119 323
83 226
44 183
3 115
4 402
15 146
34 309
136 655
4 918
62 166
32 290
22 658
14
90 614
2 620
42 307
42 373
102 886
28 471
12 244
42 998
173 489
137 761
90 180
44 884
16 734
29 216
26
14 971
33 630
7 921
1 941
24 340
16 767
18 98
29 87
13 510
60 458
40 489
3 882
49 511
46 249
151 333
41 526
23 121
13 723
57 267
142 272
32 269
6 840
18 476
32 637
2 804
37 712
24
2 929
8 635
25 295
35 641
93 92
27 176
27 332
58 450
8 555
16 88
23 477
16 53
18 281
6 768
23 74
135 571
15 7
98 949
15 479
33 842
5 664
27 146
11 455
39 170
19
54 582
2 525
2 293
28 728
88 120
68 302
14 947
110 559
110 839
48 782
5 481
43 758
49 748
148 332
30 289
96 610
9 916
5 172
8 729
15
143 413
62 518
59 330
30 770
35 303
26 353
56 777
45 469
123 235
60 197
10 325
12 646
119 993
77 62
68 24
19
20 321
17 527
135 501
62 685
42 20
36 503
37 824
22 374
106 46
187 500
8 20
4 755
52 138
44 522
53 489
10 64
7 598
44 125
29 771
17
2 298
31 435
3 930
41 377
29 253
32 103
290 332
24 414
54 13
52 737
51 945
25 683
41 893
22 575
107 928
90 15
10 274
16
4 729
7 16
32 840
50 476
100 488
222 815
109 883
1 535
49 717
36 992
81 298
7 951
5 776
54 83
45 523
115 79
18
37 210
52 206
19 76
45 374
71 415
156 939
37 381
79 694
38 549
8 994
66 426
70 508
46 760
39 42
32 956
57 358
2 233
1 985
24
34 353
1 907
52 761
64 984
62 758
2 356
11 470
87 773
38 67
31 47
17 486
57 775
9 729
5 352
5 549
59 714
66 58
1 311
17 660
62 988
15 127
152 69
59 446
12 207
18
225 752
10 714
88 420
7 726
115 865
1 773
3 30
24 11
4 789
78 802
7 367
8 562
143 776
15 43
92 451
68 214
12 924
3 198
19
44 251
70 613
9 688
188 129
76 28
5 428
68 316
40 485
42 216
22 84
86 368
6 740
48 718
27 514
70 48
17 357
15 440
47 294
1 878
18
16 24
7 806
36 436
93 116
40 686
75 245
31 192
91 760
18 613
8 977
65 810
79 217
40 234
134 81
7 766
30 821
24 976
88 659
15
4 454
103 634
2 688
27 980
182 363
57 319
40 677
76 231
162 979
1 536
9 67
56 668
40 963
65 352
16 788
16
26 776
17 315
77 265
35 423
46 207
7 803
85 281
20 350
178 493
49 93
3 54
140 420
111 63
2 226
22 257
27 379
14
6 175
88 727
68 339
20 365
6 792
161 988
9 845
20 156
152 642
33 529
49 77
153 307
75 120
46 336
22
27 732
15 276
15 275
17 770
109 708
40 202
18 523
69 517
81 652
11 533
50 407
21 989
63 593
39 559
31 564
5 399
3 866
46 689
36 12
172 830
41 923
8 372
16
100 946
91 316
6 119
42 427
45 819
1 510
65 852
52 100
99 723
130 921
3 474
37 837
41 450
171 603
6 562
10 676
16
86 324
22 765
8 871
169 440
4 848
9 355
52 453
93 704
22 340
104 6
24 714
64 586
32 498
56 134
57 164
61 192
18
24 337
141 904
6 561
34 637
54 193
53 798
15 216
155 954
57 286
63 593
22 358
125 441
50 555
14 927
43 760
8 646
23 998
19 613
15
46 314
129 942
36 800
64 380
94 117
82 73
43 533
85 744
127 880
15 449
21 971
57 612
11 753
79 207
15 979
13
121 163
16 115
125 602
115 967
24 357
10 296
8 236
112 631
23 384
15 525
175 24
56 679
90 816
22
32 764
29 246
41 642
12 720
84 270
1 316
8 756
19 528
102 739
6 852
61 291
16 179
64 784
18 590
16 277
73 237
73 508
26 41
32 48
122 890
11 440
56 251
18
22 563
3 895
36 223
71 241
1 522
114 626
20 592
24 870
28 202
27 637
2 102
10 955
26 13
173 974
28 370
6 616
38 102
114 946
21
31 919
54 171
116 887
55 159
13 818
11 280
32 314
44 308
10 858
56 380
4 954
56 317
38 777
14 951
39 722
21 385
32 699
57 220
20 755
7 614
154 651
22
20 356
15 536
15 289
92 797
20 263
75 949
111 525
36 395
1 11
54 311
11 81
18 594
106 328
20 10
33 951
23 749
21 795
104 884
16 195
8 325
1 76
8 604
22
10 520
46 613
15 74
10 47
44 225
48 932
60 645
15 451
247 799
60 371
62 534
2 650
15 61
20 918
57 482
10 14
10 482
37 891
20 349
11 97
5 694
58 252
15
30 997
54 117
37 765
116 140
43 972
2 386
143 868
50 279
40 576
35 130
12 417
187 937
122 711
12 520
8 555
19
16 672
12 380
9 978
20 135
95 658
165 546
58 770
20 333
15 679
99 991
62 988
48 705
9 46
21 126
108 752
13 576
69 10
30 98
9 119
17
64 649
1 568
36 624
39 321
62 79
306 889
22 314
25 471
3 743
15 692
7 677
72 987
26 102
58 169
51 129
32 603
60 591
17
10 292
228 572
91 737
117 727
25 141
62 391
22 913
36 883
2 53
4 208
11 693
83 810
107 848
10 755
64 58
2 822
21 63
14
15 494
75 327
87 755
95 260
15 401
26 922
121 258
168 243
15 572
55 726
7 678
67 754
10 868
106 665
20
12 772
5 387
31 480
6 442
3 733
130 779
74 233
22 197
50 192
94 274
54 955
13 83
52 941
76 254
29 892
2 678
1 281
100 727
39 772
65 252
17
29 538
9 819
48 976
32 318
97 833
85 727
97 348
135 337
55 563
4 341
27 79
131 718
2 575
31 681
75 670
40 692
1 415
16
9 52
177 902
43 457
28 700
44 316
60 583
17 516
66 532
15 121
39 544
3 518
3 253
19 441
33 379
306 18
30 839
15
26 952
10 825
273 310
53 484
220 82
53 759
8 443
16 724
10 360
11 747
78 7
4 569
3 803
39 293
70 544
20
8 980
17 370
30 12
110 850
12 550
111 885
47 16
56 934
88 615
35 841
18 188
42 275
52 236
8 202
35 870
18 888
24 81
4 337
13 634
85 440
19
58 337
58 90
41 687
124 538
1 647
77 58
15 989
90 511
1 75
4 250
27 809
10 762
27 721
62 389
43 83
41 443
120 143
40 554
5 602
21
32 136
110 849
44 914
70 429
23 222
8 390
6 648
37 874
29 279
63 865
19 237
22 241
17 295
49 124
64 678
46 273
63 522
22 643
75 14
18 152
7 842
14
110 664
122 178
78 64
142 913
26 788
28 736
112 531
31 106
5 109
25 411
22 592
43 771
98 809
47 895
17
22 783
61 21
64 855
166 618
36 554
85 553
46 493
2 711
63 653
32 165
11 364
8 826
20 295
20 248
3 924
80 812
88 217
14
35 149
31 274
25 861
35 90
11 590
281 95
107 132
50 412
8 40
13 193
3 268
121 711
2 896
128 700
11
102 591
87 289
132 686
7 720
15 354
127 509
92 429
98 36
14 163
8 497
128 404
23
13 931
78 51
39 571
55 846
12 733
101 223
43 103
4 149
72 770
3 53
12 510
4 259
6 641
24 874
56 801
13 148
24 368
97 685
76 312
10 674
39 46
48 735
22 595
15
114 347
107 960
58 691
83 722
144 981
8 774
81 413
20 941
131 98
31 316
40 211
21 29
39 212
2 928
7 796
19
32 951
38 650
9 196
2 524
8 802
23 177
36 743
27 113
8 183
51 484
108 474
11 115
10 897
180 413
70 681
17 294
77 530
18 957
23 689
17
95 256
25 516
3 698
47 473
38 234
26 123
84 330
31 961
142 256
37 401
39 93
8 182
14 321
23 471
68 467
111 531
7 383
24
1 187
58 749
8 49
12 412
45 727
14 466
8 966
29 106
28 996
65 967
85 901
16 934
2 825
140 696
11 332
18 630
77 723
14 815
9 345
47 16
5 61
43 869
28 788
3 762
14
83 470
66 131
67 552
1 980
39 436
93 929
41 286
21 843
55 545
151 816
45 647
110 296
11 216
96 56
14
60 945
18 567
66 386
16 378
9 591
25 106
10 514
162 759
211 463
47 740
96 113
113 243
4 894
33 905
21
4 642
3 370
6 802
1 447
5 176
34 122
49 459
24 800
10 745
88 785
5 155
42 850
107 480
24 289
93 887
54 989
17 175
134 701
97 160
35 315
15 503
16
2 524
29 123
43 981
29 756
58 496
45 286
16 109
17 738
117 88
80 4
33 605
69 416
87 315
22 302
207 518
12 576
22
2 613
36 406
7 978
17 256
24 762
35 43
12 671
10 791
27 762
5 130
4 584
110 514
78 511
23 804
46 608
1 896
121 365
86 648
96 542
35 123
65 976
36 925
17
5 103
64 914
37 947
24 987
113 465
33 716
98 677
57 942
54 403
13 540
43 142
12 248
23 335
9 330
17 681
111 728
85 778
17
141 477
11 956
74 587
41 500
103 850
18 111
13 129
4 480
38 10
3 429
6 818
71 490
172 898
61 796
22 1
62 120
20 480
15
3 512
110 705
49 320
20 42
47 304
17 57
2 253
45 207
53 473
107 432
20 299
119 138
33 116
102 58
40 36
14
139 216
24 252
29 879
5 874
21 896
38 105
44 662
87 928
24 867
84 544
51 135
105 613
95 380
21 877
16
2 789
112 826
7 662
30 327
50 575
6 837
192 409
64 146
8 401
78 290
83 743
146 168
58 596
18 902
7 144
11 5
13
119 514
7 20
67 419
96 828
127 28
98 575
13 205
23 901
35 695
38 206
26 934
84 979
29 498
20
60 666
1 385
33 328
27 755
4 122
7 447
4 402
8 183
6 58
17 902
34 371
147 283
154 502
42 885
62 161
3 174
37 636
6 704
76 633
133 470
17
183 124
91 104
23 565
100 966
40 927
4 871
43 760
13 354
140 47
25 946
21 600
8 88
12 524
92 556
5 410
1 50
58 730
20
62 37
87 351
20 16
25 117
65 795
58 422
6 351
12 290
14 242
53 457
22 662
36 577
62 766
112 505
6 857
8 86
80 596
37 60
6 946
23 935
15
44 479
107 283
54 846
36 989
325 638
33 425
5 317
31 102
16 486
8 402
102 342
19 731
5 394
62 170
6 249
17
90 104
36 769
26 213
31 46
37 771
89 259
31 515
86 394
79 793
84 886
12 241
69 974
39 521
6 590
27 971
47 844
62 381
19
48 771
60 483
13 292
65 175
31 491
31 804
64 338
35 75
17 84
6 212
74 668
37 527
26 35
87 82
56 369
16 21
54 463
38 331
65 402
19
80 64
48 662
20 565
124 699
3 828
7 117
37 903
34 858
19 652
61 139
14 969
9 305
126 739
91 788
70 926
20 718
32 145
43 252
9 652
19
14 716
45 176
24 870
28 421
108 822
14 619
78 358
29 162
32 173
43 979
31 639
7 252
2 987
9 567
16 23
40 654
95 415
27 112
176 100
18
59 148
16 760
16 358
3 112
63 792
207 668
11 301
105 209
9 572
90 261
1 116
25 46
104 157
6 445
25 510
23 806
65 89
16 684
16
6 488
16 581
33 756
84 779
16 969
32 894
57 253
66 745
63 920
104 314
91 689
39 674
102 508
87 463
1 687
21 228
21
71 910
4 111
10 125
15 322
3 636
29 94
10 336
84 111
11 103
23 397
60 435
9 340
23 557
63 390
49 829
81 581
1 526
18 741
52 128
75 605
6 187
19
44 474
15 542
9 549
31 312
106 638
98 304
23 150
10 869
98 805
20 677
11 75
30 637
13 96
8 559
2 483
60 781
76 807
102 629
56 169
21
52 411
51 216
43 10
46 202
1 175
4 444
32 715
65 81
2 452
4 773
67 220
40 164
61 320
24 207
42 522
137 317
22 228
10 74
55 346
55 886
22 903
12
107 619
75 412
5 309
47 367
36 412
33 455
69 11
71 784
219 617
175 466
1 741
16 145
19
1 334
31 595
39 425
48 217
33 412
26 664
60 988
7 518
33 792
39 900
25 540
55 160
4 808
105 33
73 835
75 912
29 244
56 217
115 403
10
19 898
169 179
129 239
71 269
6 239
19 724
167 491
16 559
6 468
201 597
18
32 220
8 796
49 926
52 740
31 531
97 127
22 82
5 262
85 353
78 547
7 177
7 862
69 943
2 253
157 680
61 775
4 210
92 86
19
1 192
68 526
61 482
53 824
28 832
27 358
164 919
54 510
52 545
6 731
42 849
8 734
31 139
38 289
6 904
6 517
5 36
43 306
35 700
24
12 683
8 763
22 830
93 211
104 124
11 795
13 901
35 825
23 977
12 338
44 466
13 150
36 179
13 717
52 211
43 4
90 610
30 283
13 644
42 222
14 703
25 263
40 363
36 636
27
4 727
28 493
15 116
1 389
16 839
21 302
12 803
23 595
6 87
7 360
50 54
18 545
58 298
103 229
10 170
206 37
1 806
39 491
8 228
48 900
39 488
2 632
4 359
13 382
30 400
34 796
34 654
22
96 524
24 694
4 140
17 326
8 930
6 957
24 46
165 872
43 945
111 512
14 428
48 436
43 701
36 741
14 795
29 414
11 114
54 709
33 328
21 774
7 502
31 277
13
159 834
49 363
12 192
1 397
78 454
22 932
25 280
20 96
37 197
65 28
19 571
56 8
13 352
13
132 790
14 54
161 361
8 768
50 970
28 884
40 692
100 54
46 419
50 981
53 725
26 933
139 557
15
27 243
59 238
56 423
87 290
26 694
101 306
20 932
146 350
31 505
71 626
29 11
24 381
104 369
37 751
6 998
17
7 371
50 287
39 16
130 152
9 445
73 642
1 193
1 94
55 462
92 735
4 39
97 505
18 527
67 58
31 462
20 18
156 228
18
63 924
105 108
69 436
13 134
13 288
8 45
27 449
16 85
180 995
10 605
32 882
128 634
45 251
1 759
16 24
57 484
11 92
29 122
22
10 628
67 713
24 5
16 17
8 12
16 261
35 170
31 679
34 271
9 316
58 85
20 898
18 394
78 835
34 168
86 423
4 392
12 566
47 343
2 16
7 150
111 169
20
53 472
8 996
6 716
47 694
8 457
21 387
22 478
8 807
61 923
10 650
9 136
1 491
5 576
187 280
3 450
108 472
53 476
5 360
25 534
38 591
16
19 939
49 452
16 459
4 127
21 815
12 841
268 68
96 398
9 568
15 680
20 357
18 897
28 123
45 867
183 111
38 535
10
17 298
17 585
103 521
196 430
160 392
29 759
108 103
82 627
9 518
31 992
15
48 325
13 969
4 931
5 762
21 88
21 17
125 536
124 139
66 999
32 22
62 938
65 231
148 303
21 358
57 483
14
84 838
45 382
121 751
108 467
21 71
22 543
29 603
5 976
45 976
31 755
116 361
27 468
13 383
162 358
14
12 539
58 840
4 147
107 898
158 561
32 720
3 926
129 531
54 381
66 585
1 684
155 511
41 527
8 468
15
15 354
14 683
51 280
116 922
11 65
152 187
50 907
4 619
126 527
56 777
6 656
111 836
21 298
6 682
94 161
16
167 431
19 756
56 331
42 667
70 697
29 430
13 626
122 147
19 79
41 40
58 599
1 543
77 35
8 913
14 134
9 778
17
44 166
118 833
46 567
47 590
110 981
15 547
28 332
27 231
36 990
41 687
47 678
86 624
21 415
8 358
3 297
86 449
38 877
16
18 207
100 661
66 808
127 790
33 629
25 98
136 501
94 983
24 168
14 663
36 214
47 478
37 559
2 610
4 338
63 793
19
12 492
16 237
24 559
90 910
12 579
32 454
49 263
68 711
74 35
10 212
12 950
104 336
27 181
11 62
42 508
39 950
41 787
51 612
84 611
16
82 840
36 712
24 88
27 348
73 171
30 457
79 746
1 607
26 108
66 381
39 745
54 820
122 54
82 659
67 699
14 592
20
8 440
64 235
32 834
21 406
71 369
58 575
110 740
7 865
18 720
63 280
48 593
13 319
2 618
37 217
3 139
19 879
116 903
56 4
19 860
8 876
14
42 447
12 514
168 35
3 665
96 223
65 614
6 257
103 975
45 635
128 411
32 550
4 258
63 888
58 867
14
99 465
40 235
44 724
50 670
89 29
132 354
33 369
77 922
18 920
40 727
27 528
49 312
48 662
39 928
15
8 345
38 170
24 693
4 487
58 85
56 839
61 256
33 311
22 336
68 797
27 732
16 134
60 137
182 773
122 185
16
107 717
73 868
38 966
3 457
34 215
49 654
32 195
13 763
73 448
11 539
90 21
79 880
2 440
54 308
3 697
64 102
13
32 44
248 81
14 359
75 230
45 975
81 134
88 801
20 110
21 821
48 888
62 522
48 755
7 580
15
39 446
15 826
193 174
86 509
30 248
16 836
155 384
31 866
5 855
16 566
60 388
77 878
16 158
27 373
21 5
16
67 89
67 770
74 109
43 878
7 933
51 339
15 836
59 311
6 338
11 281
96 443
23 672
60 7
52 529
114 440
12 381
15
96 501
37 178
61 106
79 761
2 458
53 768
30 887
26 250
129 964
16 33
21 493
3 497
35 225
18 844
134 278
15
155 271
17 481
36 28
35 76
22 481
22 528
133 453
102 2
51 713
4 914
62 231
97 277
14 944
32 238
20 62
12
39 758
33 517
4 255
5 504
11 387
106 52
11 587
92 371
74 598
14 891
173 478
244 286
12
284 174
121 380
16 426
74 358
32 991
38 834
148 927
28 38
11 367
16 701
18 545
31 371
16
68 961
124 311
11 269
49 809
30 751
39 755
29 515
86 462
17 338
6 440
71 446
112 743
22 734
30 324
56 382
42 44
16
18 557
11 650
19 110
138 717
2 884
97 88
22 835
19 109
29 367
90 571
16 669
87 505
73 875
79 204
66 435
22 720
23
118 121
4 386
47 55
16 393
20 875
7 925
29 527
1 848
21 516
7 971
26 829
21 828
8 799
94 567
102 128
67 216
36 18
87 879
43 555
17 527
28 501
8 72
15 189
23
21 292
27 106
81 327
11 509
4 488
26 811
3 642
12 279
14 52
13 877
18 199
11 484
9 611
48 609
40 366
19 795
120 260
41 867
13 879
5 764
192 717
6 983
22 8
16
26 293
13 146
11 890
30 759
40 607
68 576
84 14
48 583
16 557
34 250
45 647
72 158
145 701
11 351
51 513
98 616
17
36 223
78 600
39 654
23 242
55 554
15 495
12 794
34 40
76 362
23 640
38 302
32 961
120 684
8 695
11 548
169 628
42 330
17
29 431
1 405
18 599
5 914
141 290
46 61
3 859
18 515
75 739
72 83
41 111
105 557
14 63
12 945
125 881
72 461
25 945
21
35 537
51 815
13 434
2 614
26 689
100 322
70 751
2 535
24 172
14 306
19 749
14 243
2 318
30 229
89 994
41 250
44 626
39 339
43 43
1 425
155 638
15
115 511
58 301
33 447
35 56
73 556
215 136
13 866
6 393
43 163
12 17
10 508
38 978
59 91
1 843
62 105
16
33 338
31 797
10 392
13 313
11 31
19 329
28 695
28 50
42 867
10 996
132 34
35 316
188 637
49 287
70 461
40 5
18
73 542
16 371
26 519
48 215
10 375
48 662
116 121
85 285
61 449
24 353
58 126
44 636
32 612
13 626
9 331
35 997
29 709
33 300
14
75 581
30 287
36 693
92 60
91 172
59 460
23 255
117 90
1 835
100 66
36 965
22 734
56 189
51 573
14
52 346
26 348
19 29
25 815
5 570
49 529
35 980
26 493
63 62
56 312
3 278
208 714
25 292
160 123
14
30 874
35 410
84 721
109 460
214 728
48 418
80 650
77 790
17 24
28 892
5 681
4 373
3 711
48 979
13
138 745
135 828
87 559
6 570
155 555
65 387
3 599
37 304
32 966
14 491
14 252
66 149
44 219
19
37 42
44 302
4 749
38 268
15 777
32 940
33 196
46 388
11 291
23 738
29 315
22 988
1 990
53 646
120 140
154 682
33 878
74 423
28 153
19
67 374
161 971
21 925
51 444
15 132
29 615
2 347
18 653
56 390
73 796
20 125
32 41
1 850
6 688
27 993
6 312
30 378
114 515
23 368
17
41 949
68 544
4 584
23 571
16 433
127 461
26 803
108 764
55 519
17 651
3 719
38 532
40 165
51 879
46 348
129 430
14 502
15
78 991
36 52
81 875
2 768
30 461
51 353
11 102
105 267
76 972
7 310
29 901
33 920
109 801
104 688
19 502
19
102 471
8 78
58 437
35 869
88 688
1 29
24 333
13 888
5 338
15 572
62 623
14 45
127 589
37 587
6 514
63 958
7 638
112 190
10 983
15
8 815
60 685
32 683
37 104
55 781
139 406
28 925
14 480
19 354
27 11
65 478
61 430
23 324
6 600
85 855
18
82 57
24 375
86 588
8 174
28 548
108 771
38 71
26 684
4 831
2 541
125 933
48 570
41 147
46 814
30 74
12 603
35 685
25 687
18
48 763
3 892
18 374
70 798
6 487
29 116
46 675
79 762
24 35
20 167
1 249
41 544
170 328
5 502
89 65
71 534
40 78
15 330
17
7 326
38 692
30 251
172 743
41 748
40 787
6 673
20 55
31 87
84 275
132 687
32 19
63 257
6 813
58 948
22 804
19 277
17
79 114
77 47
29 392
47 357
10 723
14 110
40 293
9 559
103 395
68 696
47 837
1 379
32 797
40 200
45 83
67 925
89 28
9
180 636
43 536
43 418
210 797
52 593
69 894
41 580
98 964
33 179
16
64 235
13 821
10 446
12 131
5 71
50 727
2 65
69 486
69 843
53 238
4 880
221 606
40 998
68 760
70 835
48 532
14
4 699
29 713
7 35
125 127
19 377
61 311
82 555
142 41
44 616
14 301
90 238
33 890
56 129
35 724
16
54 886
9 596
48 249
38 728
15 413
41 774
90 596
17 944
3 146
139 161
99 229
72 368
42 637
1 539
3 550
110 180
13
22 15
25 808
149 196
99 234
8 710
41 837
109 987
42 582
102 953
73 874
43 950
22 902
53 435
19
5 793
25 732
38 810
30 411
45 73
29 996
2 872
52 314
61 396
14 599
26 637
43 670
88 344
14 98
20 550
110 776
6 345
71 363
73 99
16
68 181
115 435
73 944
5 37
31 848
23 273
7 886
16 362
24 501
38 229
82 256
28 938
62 405
17 486
36 35
90 580
18
17 152
1 253
16 436
33 743
78 210
66 141
144 7
2 157
54 116
87 21
70 4
38 49
32 174
3 951
68 929
3 908
62 893
10 549
12
90 68
73 898
75 49
39 107
67 767
43 852
142 377
9 510
15 114
48 354
80 450
107 461
13
12 599
55 52
118 659
18 592
81 825
89 743
38 34
35 871
53 506
54 334
112 342
5 448
98 271
18
21 249
61 911
20 143
5 837
6 114
53 461
59 278
8 332
39 891
18 191
34 371
31 20
293 183
8 310
1 504
11 677
26 786
9 292
15
48 930
9 580
215 808
9 545
99 464
17 679
10 362
62 566
7 378
141 740
18 438
58 264
28 505
53 36
6 268
17
84 481
57 331
13 50
113 337
32 521
55 763
5 695
46 300
82 498
12 657
91 325
95 738
15 369
10 954
14 675
1 706
24 277
19
57 106
36 9
61 982
93 939
14 473
12 310
19 485
23 617
43 804
14 442
27 782
74 934
23 141
10 180
18 34
51 280
112 375
1 200
51 958
18
8 373
54 270
44 107
9 792
25 475
54 68
92 305
30 888
54 653
9 940
23 498
128 868
68 722
4 717
52 280
49 197
77 524
5 400
12
71 330
27 937
10 1000
50 821
29 804
281 674
27 537
185 83
33 416
10 179
37 563
6 339
15
46 790
16 339
22 246
19 825
65 987
29 42
72 29
30 157
32 463
3 465
1 940
88 538
200 97
48 705
70 663
24
23 259
15 204
74 664
1 7
76 429
1 662
16 558
8 22
125 59
3 413
36 479
41 243
5 568
4 480
16 123
77 138
4 238
5 40
18 934
78 53
46 699
31 313
1 880
77 972
16
16 618
94 559
55 64
122 975
8 812
55 434
45 593
12 828
89 834
34 650
8 628
69 643
7 733
42 330
99 103
10 407
16
1 478
215 25
11 776
21 958
17 535
13 24
38 332
38 638
30 379
17 265
135 282
46 263
33 464
53 731
26 478
33 484
11
126 388
59 665
36 650
68 801
21 755
139 77
22 440
38 812
128 180
23 330
37 717
13
14 920
25 615
70 816
29 282
49 674
54 831
134 507
125 56
77 666
30 961
101 290
51 125
12 494
18
7 6
12 727
80 487
8 678
6 672
3 467
13 176
9 279
6 590
219 322
13 412
3 64
49 541
10 279
3 993
63 626
202 544
40 559
15
25 642
61 23
92 783
24 153
16 312
24 868
97 997
11 410
50 346
51 735
14 657
14 2
78 550
45 636
20 215
14
203 637
6 16
102 643
15 689
26 959
3 176
104 322
110 48
69 318
69 564
3 14
4 89
11 550
14 841
23
19 543
59 29
1 141
35 372
32 443
81 587
45 670
66 433
16 815
63 539
6 138
28 914
7 266
15 932
32 791
59 78
31 113
12 278
22 430
24 160
12 943
72 858
24 764
16
73 67
71 964
11 108
12 411
9 922
21 258
14 417
30 196
48 784
116 26
10 483
41 897
52 824
67 612
184 588
15 489
20
1 421
30 840
55 204
14 885
137 424
59 689
79 254
8 287
46 562
2 905
19 872
61 891
7 666
65 605
7 755
41 677
17 587
26 240
43 861
8 258
18
3 205
5 328
33 564
76 722
66 688
60 237
45 132
2 573
84 605
190 698
46 421
20 731
7 441
1 697
1 180
81 61
9 114
31 901
14
36 882
4 233
21 984
25 88
8 818
106 785
41 524
11 766
129 819
40 243
9 957
117 910
209 214
15 443
14
105 899
53 306
63 385
3 751
45 388
70 348
38 572
42 405
73 973
27 528
26 608
1 926
158 172
40 78
13
96 421
117 196
33 820
31 633
50 743
53 144
3 615
18 925
114 37
57 577
70 758
96 524
5 293
14
85 171
40 589
93 262
27 136
46 42
1 81
11 10
117 376
73 611
50 158
73 159
12 342
68 383
12 346
14
2 798
71 804
90 652
59 657
34 208
46 929
157 922
59 756
119 93
56 118
2 962
17 427
20 279
23 541
12
42 586
79 293
13 979
83 728
156 320
2 397
13 76
89 622
47 279
107 458
18 517
105 848
18
79 412
8 7
1 426
20 921
2 798
135 322
28 222
26 766
45 587
58 133
35 1
37 120
21 402
42 411
51 24
52 949
46 412
57 714
11
57 45
2 677
69 645
81 722
13 213
57 618
163 766
26 317
27 535
161 133
91 670
13
123 651
4 816
78 967
5 474
10 433
82 179
137 939
32 950
9 945
2 68
33 102
139 984
103 298
13
13 721
67 652
220 642
19 326
40 846
63 210
2 861
22 650
13 931
67 158
14 922
112 202
91 859
16
35 430
48 150
35 181
78 773
31 565
58 448
11 123
1 501
58 873
33 413
13 524
118 849
29 57
34 260
20 634
21 70
9
157 652
24 606
2 865
16 925
103 632
167 930
45 541
82 745
32 73
14
65 575
17 433
54 388
172 902
37 229
18 355
57 908
20 202
43 229
39 639
33 27
6 968
139 794
51 761
19
104 526
70 699
25 129
133 329
11 102
16 357
38 566
7 467
57 819
3 258
27 849
3 911
21 900
143 487
11 998
22 86
25 244
16 553
8 460
12
68 937
25 468
31 356
216 401
15 949
38 915
27 741
26 134
12 108
45 837
137 842
38 687
12
181 905
3 384
9 894
27 646
33 28
24 163
30 288
53 340
22 55
74 541
74 763
129 110
12
126 551
71 652
141 800
21 881
23 903
64 81
8 804
99 477
107 101
7 351
1 625
84 302
16
57 302
16 292
111 574
41 639
6 3
34 213
62 760
30 438
40 563
145 47
16 440
45 68
67 52
29 374
30 24
6 651
20
19 284
20 515
58 53
16 968
57 697
5 206
15 16
16 915
21 70
69 716
38 456
36 826
9 337
32 936
45 940
106 216
5 827
80 713
21 174
52 127
21
5 802
42 389
12 198
164 965
61 153
19 570
9 733
12 272
88 887
6 4
16 408
46 888
14 211
28 921
12 33
12 699
6 529
38 741
53 489
97 398
3 719
14
14 43
28 512
49 700
4 815
23 112
254 92
51 609
33 383
21 538
12 31
19 768
48 285
8 541
113 826
14
87 260
96 542
11 606
22 622
26 125
35 159
25 669
22 650
11 681
3 172
18 121
106 611
214 214
20 485
14
70 935
45 971
13 23
59 308
32 775
17 846
27 936
20 34
101 157
49 81
272 455
36 17
1 868
1 772
16
106 671
2 647
12 933
85 417
16 522
1 326
37 674
218 120
16 341
16 286
28 523
7 94
16 902
88 3
1 933
85 465
16
54 585
41 428
96 717
29 691
42 645
63 531
4 913
6 445
34 244
135 220
91 353
4 915
21 488
64 30
27 283
33 707
13
2 921
9 824
18 877
125 961
17 74
11 907
312 874
2 241
120 142
62 311
45 53
3 929
13 650
16
19 394
90 848
43 57
13 398
148 333
65 436
18 544
8 864
2 165
27 841
43 783
84 3
20 178
40 909
10 731
68 238
15
48 169
25 780
3 300
33 686
46 496
2 324
70 47
90 581
90 260
7 354
51 422
19 281
86 498
16 136
2 595
15
20 474
14 296
7 639
13 760
15 860
43 154
154 570
118 265
32 221
12 399
83 353
49 381
27 303
92 919
41 961
10
55 456
125 389
102 129
160 577
14 344
8 192
25 502
25 167
24 907
126 832
15
22 462
41 954
26 815
38 929
16 824
81 53
14 752
25 504
14 81
13 677
25 319
9 959
23 966
294 472
28 307
15
5 82
164 56
13 95
14 397
10 137
64 253
10 208
28 704
11 790
67 518
25 672
38 1000
82 511
4 792
179 721
17
77 394
64 478
53 476
133 770
5 107
19 460
40 603
23 886
12 49
7 714
7 190
13 869
78 420
28 410
45 829
66 763
19 705
13
31 889
43 335
10 639
158 143
13 729
92 858
42 882
13 313
35 37
75 801
75 608
35 593
69 381
14
11 967
27 393
4 323
255 552
35 870
9 481
14 990
20 961
2 602
60 586
19 63
110 52
61 390
49 835
12
26 765
85 58
124 536
81 966
85 20
22 43
59 270
95 783
30 234
37 575
22 619
55 2
14
30 708
69 98
49 354
12 742
60 82
51 987
60 1
168 729
69 567
43 76
3 999
44 854
4 808
13 101
17
29 796
31 716
92 393
14 949
35 751
45 26
34 634
83 902
14 36
27 659
74 273
49 340
32 10
68 289
48 520
11 413
5 151
16
102 583
11 834
4 982
15 907
128 614
34 840
20 488
43 530
21 8
32 897
44 121
52 648
12 917
76 294
29 623
11 459
11
30 257
1 940
79 8
141 752
17 311
10 963
103 163
158 924
78 756
1 990
1 409
12
10 865
1 966
66 55
36 759
133 315
10 297
336 654
3 461
61 864
5 331
3 59
50 370
20
38 251
61 341
4 41
128 381
10 191
4 372
29 319
30 329
6 642
23 291
2 86
14 762
48 98
9 308
12 156
44 829
26 90
29 719
137 810
9 622
12
141 703
89 863
46 372
55 127
6 403
115 595
35 15
61 244
8 260
146 23
8 883
14 307
14
1 854
26 158
194 96
11 119
37 212
6 565
132 83
22 517
13 21
6 822
161 424
21 407
20 69
1 532
12
43 92
104 213
57 261
94 234
77 786
18 570
87 117
152 88
35 799
1 553
24 27
28 210
10
28 711
31 819
7 419
22 110
6 937
147 659
2 869
62 186
16 440
297 733
14
23 136
5 505
17 80
23 215
62 163
143 665
26 267
20 141
34 911
4 842
22 256
50 375
24 465
150 575
18
48 880
3 538
7 280
21 425
16 978
23 808
12 911
1 100
38 407
19 152
37 400
40 762
27 969
53 937
53 672
8 696
86 595
18 362
13
30 135
61 281
35 246
28 805
70 534
21 65
181 772
17 716
80 915
26 681
41 979
7 561
90 815
10
108 2
56 883
1 759
135 582
56 551
58 206
138 280
97 441
16 722
52 688
11
10 875
103 810
135 276
11 333
44 316
124 929
5 603
4 968
152 709
70 111
48 665
12
50 647
26 294
34 407
12 700
99 738
26 480
106 967
47 991
51 325
73 117
108 488
55 833
17
25 152
48 362
46 278
55 910
23 97
7 601
41 989
16 902
19 416
110 633
108 799
24 54
52 982
49 417
6 695
2 983
52 831
14
84 24
32 673
8 791
27 530
8 217
54 965
86 421
88 268
48 304
19 238
2 799
175 385
35 10
19 773
19
20 153
10 476
33 712
45 706
21 572
10 423
59 472
59 550
14 340
6 606
33 916
120 175
1 357
9 882
4 819
102 230
14 507
116 615
24 196
9
117 899
42 253
45 129
77 658
16 829
10 833
97 771
65 484
148 434
14
42 751
127 434
2 224
40 630
45 687
103 365
39 772
10 706
9 302
52 264
145 838
37 893
26 809
29 450
13
21 143
30 827
4 486
8 769
40 28
60 815
47 971
40 612
15 77
71 590
50 677
308 984
8 262
14
3 171
21 66
14 39
6 885
73 462
171 834
43 334
46 859
127 685
3 322
7 925
64 141
37 791
13 696
15
12 591
28 958
29 353
5 248
10 535
200 248
15 553
12 78
6 733
57 233
13 165
71 116
28 731
17 617
175 139
16
7 171
37 385
34 978
60 227
2 554
10 462
27 776
10 302
66 543
83 816
154 258
10 937
14 546
69 216
31 144
54 550
18
10 174
4 455
99 643
96 625
1 160
98 261
43 174
10 190
1 351
55 664
1 854
7 716
134 533
78 64
30 169
7 471
12 182
9 406
12
79 610
19 419
29 173
3 680
3 338
86 645
58 207
10 776
57 836
7 543
64 255
90 550
11
83 257
11 223
117 209
87 960
47 500
116 236
44 337
3 648
123 815
21 749
24 346
12
24 859
45 856
95 132
67 950
68 898
34 418
75 841
106 385
27 619
99 315
1 855
40 87
11
21 272
46 973
63 923
77 33
14 442
87 326
57 520
95 417
34 424
95 516
39 991
14
41 663
2 828
13 65
14 436
24 516
65 880
42 171
78 494
62 360
2 62
123 204
2 718
110 855
54 153
16
60 268
25 819
14 467
31 8
19 632
9 8
58 217
9 43
29 554
192 727
144 839
80 696
2 390
7 164
17 603
3 94
12
6 805
10 303
33 650
129 414
38 99
9 82
8 946
126 791
147 530
65 666
11 163
32 317
15
15 261
42 52
57 742
20 386
43 560
112 669
24 245
54 385
70 627
74 897
57 104
2 800
41 904
45 974
42 772
14
15 676
18 985
17 6
29 790
2 750
86 194
33 670
76 608
68 113
3 117
13 550
79 282
119 876
30 826
9
164 256
35 563
18 367
118 162
108 33
65 271
66 690
47 263
20 988
10
16 487
236 251
78 445
25 794
100 685
30 644
102 310
15 882
17 762
79 433
15
19 672
24 816
20 295
25 256
194 453
15 718
71 983
88 553
8 389
93 153
27 752
4 791
89 438
12 252
3 436
9
16 953
53 269
40 856
115 135
25 102
85 257
15 386
150 480
127 611
12
72 816
25 690
28 532
61 333
109 22
10 907
55 166
15 813
167 391
42 206
51 9
17 814
15
5 683
53 961
90 74
13 379
11 879
12 120
1 322
182 21
9 736
85 74
46 251
44 745
4 746
26 867
29 362
14
18 331
48 745
4 828
44 312
198 409
39 27
76 509
36 306
16 396
34 489
80 897
48 771
22 56
20 442
11
53 169
27 429
88 972
10 957
55 7
45 329
114 129
150 859
5 710
17 989
62 727
15
23 370
4 341
47 705
83 554
47 824
31 43
19 730
26 121
30 133
18 699
21 642
172 4
2 448
38 839
100 278
16
6 614
18 756
40 531
23 107
10 384
3 332
11 684
19 639
24 719
22 489
55 675
74 834
15 407
158 319
29 268
145 765
11
141 418
78 940
25 272
24 293
41 310
164 311
6 993
20 175
77 930
45 981
48 541
14
11 398
12 822
34 377
37 316
35 912
29 523
67 193
16 478
86 496
26 981
30 512
50 371
146 260
101 928
10
27 303
42 926
2 763
9 850
138 750
31 555
3 789
166 465
99 816
46 919
10
57 953
34 905
37 483
1 9
114 454
22 458
132 837
21 527
13 116
122 900
14
5 645
78 314
43 87
2 958
60 490
28 253
63 179
79 547
33 900
18 882
83 177
10 288
85 288
43 139
18
8 901
32 395
54 376
33 593
26 186
132 745
4 257
1 431
10 538
53 909
64 688
1 69
8 778
39 605
14 233
33 73
1 514
86 436
14
59 33
37 899
95 953
4 237
64 18
21 198
11 337
10 850
26 854
77 13
8 307
109 947
115 302
15 96
12
49 562
13 563
1 572
8 657
82 602
104 402
48 141
4 918
42 1
211 156
38 868
15 260
11
130 165
39 615
71 894
18 261
33 996
7 897
1 701
18 636
128 536
97 106
43 573
10
105 121
9 673
5 200
55 148
104 432
112 144
101 544
98 594
55 785
20 91
12
24 142
10 787
30 902
34 196
136 233
2 513
7 201
1 731
109 880
81 55
19 974
217 344
14
37 883
36 320
5 380
14 216
16 955
102 510
11 498
31 716
3 203
221 452
3 807
24 988
38 940
102 703
13
11 738
66 245
27 360
21 909
44 836
9 626
86 177
93 155
38 850
43 819
5 974
26 938
134 909
11
4 660
50 617
277 918
17 847
155 280
14 940
13 609
1 687
21 179
19 489
62 79
10
32 139
5 89
51 516
2 866
34 811
54 369
42 470
25 49
14 99
23 811
14
86 605
33 34
60 225
10 13
8 589
50 195
17 51
55 577
113 595
48 792
4 8
75 306
17 574
25 248
12
1 281
111 420
59 669
62 630
147 180
10 479
110 381
40 402
40 512
21 705
30 234
29 959
10
144 257
27 474
220 767
134 30
21 136
50 338
30 714
5 61
17 992
22 411
13
60 731
32 473
95 656
11 230
112 420
7 666
16 737
5 466
189 489
4 286
1 912
83 176
10 640
12
59 269
53 545
87 386
25 836
95 636
32 612
92 48
21 906
79 236
38 952
1 671
58 761
12
20 851
56 444
52 600
18 438
119 50
53 909
21 168
19 393
3 331
89 965
41 186
106 155
9
237 841
45 29
65 481
12 904
108 801
14 998
18 757
41 747
25 183
15
51 649
28 596
22 801
36 388
41 317
42 962
106 858
143 897
18 235
10 225
8 453
52 671
67 159
27 201
1 932
10
64 833
251 792
53 185
28 33
17 372
138 82
11 628
12 425
47 400
46 685
12
64 391
102 833
11 475
71 4
22 629
7 379
20 473
74 171
32 355
35 662
78 924
101 24
16
125 739
88 949
2 910
16 520
7 769
75 508
56 601
79 588
1 927
2 896
1 538
7 367
36 598
89 92
8 594
17 374
16
16 469
138 759
137 870
15 656
7 634
16 527
37 387
2 82
49 582
105 668
22 230
31 197
22 978
16 950
32 796
3 505
14
19 635
84 669
6 530
19 740
27 222
11 211
4 470
44 568
133 486
26 939
41 534
121 707
93 501
24 436
17
35 969
55 159
11 16
5 628
3 799
1 863
67 263
60 831
53 393
21 136
62 657
186 935
34 460
12 124
6 706
9 310
8 454
15
109 523
35 673
34 38
35 875
28 749
32 755
9 830
11 257
107 114
23 955
9 518
26 157
84 169
6 467
91 51
14
57 309
40 469
9 138
29 689
67 353
56 555
64 109
24 495
1 172
18 681
42 116
198 27
14 441
12 562
16
3 975
5 727
25 960
76 839
41 92
46 621
37 459
54 605
36 716
25 233
37 331
8 798
63 353
82 481
43 829
31 963
21
2 828
49 123
13 788
23 323
78 34
12 195
38 113
19 69
44 736
72 120
14 81
12 640
2 555
2 674
22 189
6 471
65 821
67 884
39 509
2 682
48 747
15
187 727
42 305
24 318
15 241
47 16
11 379
63 53
3 17
36 339
8 403
29 303
49 266
34 178
14 527
66 137
8
47 237
125 143
214 389
4 256
6 561
45 593
179 885
36 180
15
35 720
57 91
71 169
34 262
82 915
78 144
52 946
53 923
23 512
75 783
38 52
13 857
20 941
6 45
12 721
10
56 217
26 364
8 935
113 49
26 376
104 289
23 876
124 456
1 838
54 287
14
8 957
15 734
12 694
16 888
116 287
31 626
5 980
127 103
15 281
13 737
85 980
4 842
76 482
35 288
7
45 339
10 648
16 259
23 569
1 390
138 979
16 747
17
54 925
32 904
34 545
40 758
18 4
4 756
28 369
11 344
10 544
62 747
7 329
19 328
88 407
43 580
100 658
16 392
84 978
20
4 920
33 582
16 774
4 32
10 532
14 828
10 549
62 845
28 476
60 13
128 149
46 432
13 405
12 207
102 256
16 443
19 867
23 201
25 244
22 897
14
38 272
31 538
64 978
49 154
32 833
55 493
4 580
47 443
26 174
146 357
30 679
31 713
49 80
11 363
21
71 435
14 872
15 854
4 186
50 642
23 207
29 874
19 216
15 950
7 962
73 446
18 180
49 456
5 590
82 361
6 751
4 58
23 465
17 793
78 711
12 984
16
5 163
20 870
7 230
17 67
22 518
60 553
139 951
88 35
37 51
33 472
53 869
50 916
13 531
39 940
17 584
13 252
12
43 625
34 762
2 422
48 176
6 355
10 747
93 916
43 252
77 227
50 799
25 484
84 787
12
130 93
14 702
51 355
118 562
13 995
77 149
5 507
58 834
37 760
41 193
39 45
8 613
14
28 826
150 519
13 981
11 951
11 829
9 854
30 650
140 686
22 861
62 368
9 31
6 576
75 350
26 2
12
5 252
70 704
5 449
6 357
33 124
102 363
25 658
97 330
52 276
112 915
107 180
5 677
14
1 491
76 349
22 501
66 159
66 169
32 300
2 244
91 807
12 328
44 111
14 749
46 432
26 417
93 123
16
30 775
70 6
10 23
10 366
5 355
91 521
27 978
24 444
10 202
31 464
21 414
45 257
81 686
77 750
60 307
41 773
7
69 92
113 515
69 487
175 273
2 85
110 28
12 238
18
34 672
54 776
60 728
88 588
10 583
19 340
40 689
69 925
35 887
12 340
43 419
3 200
9 559
18 496
53 390
10 293
40 156
7 372
12
32 313
40 938
35 872
65 217
52 766
38 540
186 390
8 987
27 172
23 164
105 480
6 920
13
5 771
4 805
33 883
25 738
27 966
63 945
3 679
35 2
176 702
67 474
57 627
105 277
11 357
13
24 627
12 280
33 887
33 47
5 529
3 247
64 874
25 652
21 53
238 712
6 755
20 27
129 310
16
49 477
96 596
58 965
22 277
5 312
5 41
27 503
29 30
64 382
8 721
30 503
122 448
10 179
11 178
58 503
4 358
11
32 378
27 369
3 579
174 23
66 247
52 429
13 353
57 319
23 384
44 331
134 714
7
31 541
255 438
23 177
91 652
9 574
55 17
4 164
11
1 167
118 380
94 953
38 623
49 478
55 459
9 843
119 356
10 780
19 1
120 807
11
32 304
27 5
23 785
54 738
13 69
17 386
24 928
159 79
114 745
82 409
47 945
19
29 470
34 980
15 271
1 756
6 648
51 356
31 294
3 690
43 310
11 479
33 25
14 93
30 985
76 520
22 941
56 910
10 502
28 82
46 367
14
23 167
86 391
16 198
1 236
27 133
19 25
17 470
15 685
23 107
76 478
23 415
1 583
258 725
32 961
15
2 210
64 545
33 828
11 954
17 362
46 32
15 26
140 149
75 679
1 346
42 189
89 215
47 118
24 949
15 435
21
4 2
38 55
14 638
9 463
40 484
29 26
13 858
15 100
25 373
7 768
42 164
25 932
53 550
15 71
44 570
72 282
18 919
60 487
59 689
31 932
9 406
16
33 68
1 154
12 50
44 663
41 652
94 9
16 795
66 928
10 619
12 280
22 720
43 532
19 923
18 750
12 5
100 130
13
17 241
30 364
5 852
4 639
42 55
46 605
25 45
38 523
57 572
26 481
23 872
158 39
23 745
10
7 635
13 177
137 36
132 275
86 46
42 325
26 876
24 554
76 668
49 663
9
93 905
94 970
3 279
15 473
51 385
176 121
50 777
28 121
77 435
12
20 338
6 647
17 304
48 298
58 855
118 937
16 608
27 556
2 154
11 487
110 996
83 72
13
26 183
10 274
83 120
105 888
39 253
109 373
111 936
4 96
32 757
8 136
69 931
18 775
2 723
9
11 389
74 361
3 972
53 534
119 343
135 740
58 97
90 628
38 424
16
6 791
3 965
138 221
55 564
5 408
27 59
23 632
93 806
8 949
91 893
21 972
20 593
1 817
60 295
26 721
23 793
10
40 579
4 727
49 350
34 983
6 54
69 552
160 944
106 969
82 660
59 613
11
148 311
2 330
30 754
50 876
60 927
60 698
15 686
90 837
83 700
66 440
12 307
13
14 474
82 691
19 240
23 876
30 318
175 582
10 713
12 247
39 879
14 772
46 687
33 522
35 101
14
161 78
28 283
9 536
29 329
66 449
105 785
59 447
16 740
3 888
18 175
46 357
12 559
14 708
11 877
9
60 632
63 868
43 193
180 975
3 83
57 956
105 814
29 813
64 416
13
36 330
13 505
29 355
143 880
94 886
36 705
45 170
16 981
17 983
50 315
27 842
6 687
78 868
10
87 527
113 450
28 296
58 217
37 538
8 787
7 558
45 692
120 498
17 445
9
41 720
8 340
39 817
4 180
3 553
12 154
138 233
62 187
36 410
14
28 484
74 689
21 309
6 164
13 24
19 331
26 383
19 538
64 612
16 896
16 229
9 881
39 691
126 229
10
4 185
1 770
241 721
4 844
34 234
105 931
21 91
92 212
23 559
32 718
10
68 28
8 278
47 970
26 624
92 865
6 656
13 486
54 781
145 670
71 102
11
3 930
7 315
2 16
4 894
63 460
42 179
26 15
184 578
40 247
60 195
105 355
9
96 389
83 886
47 228
64 721
124 833
44 912
12 723
84 275
13 953
10
112 492
71 132
45 722
78 386
3 106
107 751
28 804
8 611
46 880
8 532
9
2 978
22 242
19 793
119 306
57 903
6 996
40 118
274 575
2 832
12
68 451
52 356
2 428
24 333
26 55
64 373
1 656
20 104
30 67
103 786
17 381
70 135
9
23 851
39 900
68 136
61 50
63 785
100 304
20 847
92 77
59 93
9
4 837
78 242
132 702
18 193
6 360
9 321
70 683
37 941
144 839
12
2 950
97 297
54 126
25 598
51 129
1 834
148 377
28 662
70 812
87 394
4 315
1 582
11
50 200
38 584
24 659
136 433
34 793
126 923
37 678
46 400
33 591
26 891
49 450
13
30 917
4 217
62 574
71 703
120 781
2 371
9 438
18 853
26 266
82 945
9 179
16 549
35 618
11
89 649
4 569
35 365
210 920
5 687
31 425
1 543
91 179
1 821
107 301
10 674
14
40 529
20 510
21 385
19 259
2 949
16 759
11 753
54 612
60 375
24 567
90 544
23 7
72 805
29 784
9
40 260
2 416
75 399
16 850
67 719
2 274
236 181
129 166
13 807
13
66 812
37 293
102 270
13 756
12 553
34 375
60 671
15 149
58 326
23 402
79 368
6 982
78 138
15
3 849
42 418
20 738
57 339
57 626
80 568
39 867
10 618
6 198
3 660
38 521
90 663
56 304
10 936
65 913
12
55 148
28 628
44 2
29 470
14 303
116 99
40 818
16 420
70 963
34 753
22 251
57 993
9
68 194
13 509
4 987
162 276
16 125
35 338
160 557
51 609
30 62
12
15 322
48 270
62 908
130 835
1 890
40 660
10 964
25 602
13 897
45 126
119 85
73 720
16
30 479
23 429
40 608
18 893
22 835
37 672
44 596
19 546
12 859
118 217
4 121
51 445
32 140
60 366
16 89
25 637
14
7 501
8 799
64 213
37 172
13 425
2 532
76 544
31 791
93 197
11 863
9 270
16 482
53 580
98 599
13
95 763
103 178
30 495
31 728
55 837
106 439
4 227
39 247
41 352
20 324
7 194
34 273
9 494
12
60 999
48 362
10 982
41 413
47 984
9 963
61 966
34 19
9 469
112 333
54 536
4 481
10
13 811
201 802
25 258
68 655
23 321
39 356
9 388
44 303
37 467
62 879
12
15 26
22 84
79 700
20 99
5 168
94 974
2 576
12 118
30 144
17 556
35 583
191 329
11
58 981
132 22
7 800
3 891
19 568
74 940
130 208
9 68
22 860
9 599
65 748
8
29 744
16 897
87 316
6 836
22 214
138 701
123 152
1 394
10
9 41
2 492
97 235
81 47
24 587
49 345
54 947
196 136
30 906
35 115
17
21 98
39 779
27 501
12 612
34 341
36 1000
29 425
9 560
8 36
99 141
2 332
10 708
49 133
3 29
40 950
16 346
1 612
13
85 643
12 106
10 520
35 308
3 901
64 215
29 753
23 471
5 29
3 817
50 873
185 363
20 919
16
82 491
33 862
3 612
5 160
29 183
32 854
15 824
11 593
19 908
64 111
37 237
77 222
24 426
3 232
23 704
21 720
14
61 650
16 959
32 715
17 250
19 621
14 714
111 288
11 596
36 716
56 684
9 50
14 109
32 429
79 747
10
68 622
24 992
109 756
71 996
81 476
68 120
55 499
21 823
19 913
8 863
13
30 928
1 584
47 792
1 347
19 140
72 253
92 147
22 380
9 32
106 495
32 403
42 500
1 453
10
109 118
25 827
13 344
17 725
173 482
28 387
28 546
7 292
49 866
107 35
8
5 442
94 664
69 899
147 177
6 396
128 258
48 770
58 667
12
46 431
67 176
6 659
97 421
54 177
28 365
37 270
8 803
19 395
15 848
5 266
142 932
7
94 913
26 443
67 266
19 485
45 811
57 410
228 455
11
125 813
75 556
22 869
21 813
38 56
10 887
80 277
7 353
112 113
53 881
6 811
11
93 527
55 189
44 649
16 145
59 150
65 270
6 939
56 753
41 436
28 996
16 740
9
13 414
5 650
84 138
25 589
148 1
97 853
38 934
69 571
52 932
11
51 788
14 846
130 605
52 598
3 318
16 339
34 789
27 906
84 135
102 645
52 273
8
33 507
162 568
76 679
48 632
15 620
81 147
21 997
97 736
13
20 26
6 951
25 845
61 302
5 24
30 283
102 755
25 17
130 65
10 804
16 624
26 408
91 23
12
24 694
27 316
15 245
34 326
49 798
35 19
29 894
69 279
182 300
14 210
6 243
36 56
8
98 989
1 42
11 147
1 870
71 445
2 3
65 280
170 722
7
27 551
76 428
99 79
36 498
173 85
51 994
77 961
8
85 677
61 33
29 752
22 256
131 311
68 996
91 984
47 269
9
75 243
20 64
81 197
82 450
24 101
111 119
29 659
74 803
3 71
11
77 514
71 731
62 87
15 813
82 238
11 931
84 866
13 780
10 536
63 704
70 328
8
88 560
69 216
34 655
79 468
15 853
20 334
106 493
12 965
8
158 882
57 127
14 402
70 4
59 228
93 41
45 94
31 40
7
41 635
117 247
13 167
14 823
34 758
188 139
60 606
9
54 451
34 281
4 73
98 80
111 758
76 562
76 408
1 74
14 652
10
43 860
38 4
36 71
5 603
14 359
35 724
32 684
50 602
52 709
156 678
9
112 504
66 57
18 778
82 445
6 267
69 16
67 783
87 456
18 151
9
86 129
49 184
2 206
80 284
19 188
49 813
66 425
134 114
47 71
11
104 635
97 471
25 220
97 810
22 566
13 180
2 517
14 672
4 160
94 640
15 236
17
13 803
5 915
49 121
27 471
23 254
29 613
20 593
82 418
3 242
137 192
1 447
33 484
23 148
40 84
17 250
34 364
12 783
8
14 935
145 868
34 651
17 801
60 760
10 263
54 767
89 159
9
146 643
48 622
38 964
44 794
3 246
72 728
60 140
81 717
6 94
9
36 184
20 9
30 285
46 674
20 955
6 731
10 600
266 117
73 343
9
3 503
40 206
20 783
35 868
95 940
108 367
191 908
10 396
19 638
6
34 714
10 963
139 659
25 935
197 465
122 887
15
125 993
2 408
37 445
3 393
10 968
24 945
51 166
39 998
25 862
2 705
29 905
30 95
47 443
20 864
32 710
11
29 661
24 972
49 659
37 626
3 9
53 198
3 249
74 907
3 854
85 649
106 16
10
18 279
25 992
2 390
53 688
26 891
86 126
45 609
171 797
78 586
1 850
13
16 810
7 8
16 935
16 236
82 8
45 333
28 985
38 127
34 725
79 364
47 749
87 287
12 51
11
9 671
18 101
193 958
17 875
26 833
137 393
16 942
6 562
82 437
5 28
8 381
9
30 31
175 388
8 188
1 778
36 173
76 931
43 869
58 284
71 246
13
134 423
81 384
6 802
60 547
49 753
8 160
12 172
10 937
99 907
1 495
11 977
8 253
28 189
6
106 342
205 56
68 831
75 997
17 187
21 691
10
7 628
204 300
33 494
12 423
14 41
44 978
105 192
38 264
57 752
1 803
10
12 426
88 103
118 276
23 957
118 586
10 655
58 692
1 492
42 796
16 413
8
3 246
1 394
218 764
97 931
27 91
39 767
1 261
46 409
13
143 881
136 950
38 564
34 975
4 393
5 414
44 593
3 226
18 217
5 178
9 589
29 971
25 756
14
13 463
11 728
25 461
4 371
79 497
81 780
108 485
49 273
11 624
51 184
14 368
29 301
34 178
17 624
12
22 129
84 271
14 415
73 552
24 692
12 35
54 317
20 833
23 434
116 541
74 738
10 383
13
23 368
6 990
39 957
175 605
10 883
11 459
35 729
8 245
82 815
5 614
17 877
41 71
71 399
13
138 361
31 84
4 341
30 36
10 5
56 650
42 181
20 222
35 7
29 906
36 319
30 364
48 104
14
125 396
20 380
2 227
13 187
58 570
66 411
6 481
37 979
19 315
24 446
7 83
63 149
20 217
10 717
13
22 781
37 518
85 819
92 273
39 811
56 506
7 806
26 766
7 245
18 517
13 401
68 428
3 88
12
33 366
21 29
22 82
53 50
19 389
24 443
48 401
23 879
171 420
27 747
25 309
43 151
10
18 86
10 693
215 937
54 313
44 20
10 787
13 738
2 592
10 960
96 918
11
62 853
6 713
97 103
110 190
8 807
3 552
9 674
16 481
47 70
83 854
48 487
13
14 476
42 832
38 572
14 267
54 115
15 447
49 717
46 62
10 17
8 821
104 352
2 673
123 759
13
31 359
16 264
96 32
96 486
69 86
50 983
19 400
34 398
20 149
2 447
55 69
7 860
1 333
12
66 46
3 861
12 329
15 301
26 640
48 656
81 52
74 175
2 907
64 829
8 976
4 855
14
1 999
23 952
66 95
10 704
76 453
2 686
1 80
16 489
7 931
103 710
19 250
25 765
25 160
5 92
7
2 564
21 737
29 672
250 117
78 8
73 49
7 793
12
48 301
114 12
30 551
14 175
76 599
39 911
8 597
56 125
22 585
49 745
6 442
6 932
12
105 800
4 425
3 969
25 408
103 900
3 354
5 348
96 966
13 275
51 91
55 658
30 318
13
142 731
38 301
17 93
62 676
10 277
10 655
8 911
3 711
90 941
15 93
34 87
64 575
5 467
8
76 801
19 605
20 333
67 22
21 196
19 883
201 198
27 198
9
69 801
4 776
175 758
77 44
1 627
7 815
95 918
26 280
2 239
11
70 153
53 403
9 480
54 951
105 792
40 456
2 276
23 280
37 115
40 273
70 948
9
39 480
63 949
15 377
156 830
51 701
40 496
32 689
36 543
61 597
8
157 833
126 848
31 211
19 987
63 912
45 80
30 450
33 556
8
119 951
96 744
51 617
36 368
28 346
77 45
27 995
3 90
10
159 554
2 495
20 693
4 557
12 459
5 683
74 327
23 171
92 837
42 228
8
1 205
66 768
107 503
30 49
3 474
71 15
95 425
5 637
10
133 492
23 826
98 26
13 840
18 610
15 376
43 878
19 221
89 887
3 675
10
166 896
3 635
23 778
92 835
90 611
32 824
21 636
18 718
34 609
8 430
9
9 881
67 667
12 40
24 948
71 282
15 579
12 611
111 463
80 146
10
11 787
46 765
42 102
172 272
37 757
38 17
24 347
3 710
97 683
25 314
10
19 261
85 694
67 442
10 377
39 290
13 19
56 970
35 251
77 687
9 688
9
24 676
17 266
96 843
89 26
25 136
92 734
39 950
19 395
10 148
9
12 260
16 366
85 748
96 56
38 783
11 11
19 558
120 901
39 855
12
24 772
82 494
49 245
2 193
7 60
44 678
69 622
29 446
47 892
60 654
19 314
49 160
12
30 490
38 724
41 83
21 630
28 185
13 61
6 656
41 97
27 665
60 940
61 939
47 919
12
142 667
25 726
22 285
18 639
89 519
15 524
1 34
30 197
14 654
40 479
35 898
57 687
10
45 439
157 136
50 325
11 458
69 356
34 394
19 430
15 363
25 438
38 597
16
36 697
52 693
26 488
47 312
93 271
24 258
10 938
61 649
7 11
12 165
9 619
8 635
16 53
72 517
15 641
3 761
10
32 859
10 81
65 189
18 337
36 300
70 857
40 940
99 485
110 271
14 381
5
97 690
50 577
189 459
139 356
16 225
12
9 993
10 15
29 629
34 438
20 22
5 876
178 999
3 697
71 846
9 548
43 906
17 665
11
70 605
2 672
15 434
18 320
29 223
39 89
109 360
95 520
9 822
6 545
58 555
11
47 261
79 24
39 981
36 530
20 18
46 260
67 294
19 559
56 609
26 564
13 691
12
35 356
4 850
54 777
107 19
8 442
14 223
79 230
5 60
29 315
49 720
94 554
7 54
13
8 883
53 984
9 987
69 232
16 604
3 666
1 386
12 429
23 913
83 356
5 535
42 369
60 369
15
28 307
10 240
113 349
60 410
54 634
57 233
3 978
15 449
11 72
75 502
3 63
8 447
6 756
7 995
8 326
8
47 253
39 841
123 820
12 671
35 721
122 412
52 260
16 783
9
6 42
123 928
34 502
37 978
26 474
11 606
52 977
60 38
91 398
5
65 494
95 495
161 641
42 396
37 960
10
26 864
5 943
102 305
59 518
17 422
4 626
85 644
34 808
66 262
76 650
10
5 606
19 244
25 148
51 724
2 674
179 245
28 116
68 566
8 282
96 158
14
23 575
55 3
86 732
25 135
73 290
8 943
86 634
11 411
9 122
2 695
17 571
1 907
40 51
46 623
7
139 686
30 354
26 320
38 280
63 475
62 705
40 510
9
36 533
62 577
92 828
14 26
59 647
78 9
36 959
26 1000
56 401
10
27 815
47 168
35 81
75 47
28 125
66 829
82 732
36 741
1 707
30 531
6
133 692
15 882
32 35
131 281
158 929
9 992
10
29 440
17 911
96 37
79 583
20 831
24 478
48 335
14 417
100 792
29 278
10
30 139
47 594
72 675
1 907
35 77
39 770
27 105
44 283
13 677
104 532
11
12 493
23 479
31 246
47 405
55 692
58 380
62 993
3 587
75 166
16 604
25 911
12
32 943
189 72
71 936
2 856
9 972
13 287
25 65
2 624
6 227
53 285
29 24
37 122
7
63 96
30 812
21 199
6 747
128 987
82 835
140 344
8
17 787
15 164
4 6
11 890
4 705
86 165
125 562
55 940
10
65 794
46 413
26 489
44 912
99 138
92 839
1 151
28 303
4 194
3 837
11
3 569
24 552
136 312
39 270
47 745
25 109
22 343
9 282
44 712
36 944
16 403
11
22 1
37 935
19 765
79 829
19 468
30 166
17 940
23 270
59 907
122 630
22 4
8
112 423
25 972
48 670
83 18
31 875
1 414
136 176
32 359
10
77 566
2 119
3 406
61 209
70 491
20 653
28 785
26 654
14 787
99 962
7
29 450
130 955
51 568
41 586
32 408
1 782
92 174
4
30 821
39 761
275 682
43 640
8
4 490
92 43
67 154
36 170
5 912
54 221
29 739
67 771
9
21 799
14 101
153 567
85 704
1 520
89 325
40 528
1 216
56 168
9
8 188
24 963
79 324
21 17
36 986
47 653
2 453
31 661
192 739
10
42 764
16 539
37 971
22 174
92 981
46 200
40 198
5 592
48 93
85 464
8
11 837
69 818
152 546
26 122
17 407
26 600
5 648
123 451
10
60 985
22 331
1 636
61 752
29 401
9 505
136 922
6 899
42 508
53 614
10
43 588
10 708
49 177
110 679
18 324
46 944
16 964
40 826
21 341
49 196
9
225 918
7 512
11 863
4 743
31 371
2 168
78 916
80 980
9 676
8
83 477
3 271
117 942
21 196
111 602
9 681
44 345
2 322
6
169 683
171 930
17 594
4 97
32 345
19 116
13
5 690
80 537
6 120
93 148
68 302
10 206
23 794
68 503
75 309
1 58
2 909
2 720
13 215
4
12 465
39 819
183 407
33 522
5
33 652
118 785
191 966
73 159
23 617
7
11 848
15 597
44 256
15 173
130 940
116 117
42 615
9
115 423
7 54
6 191
48 375
91 711
6 542
74 35
1 291
40 319
7
13 128
13 516
11 146
136 74
71 844
26 72
155 802
6
238 652
12 423
10 568
56 61
24 539
21 826
8
20 832
69 456
83 47
3 921
7 405
111 685
49 78
37 848
11
6 883
27 835
6 982
32 17
43 930
68 872
21 110
47 150
111 6
26 338
7 703
11
2 510
17 434
27 796
30 67
34 317
86 63
23 636
12 580
52 608
52 133
76 982
8
29 512
8 722
7 141
88 776
21 25
136 923
136 358
6 725
7
6 277
53 468
136 388
11 874
35 993
30 700
38 342
8
77 1
80 838
48 209
48 848
107 572
16 4
48 167
14 508
5
45 856
205 950
11 165
48 848
131 272
13
33 601
6 700
3 451
17 233
23 140
62 413
24 65
2 264
3 625
2 348
77 528
96 892
8 765
11
63 825
41 504
33 728
4 316
21 997
12 553
44 355
20 317
135 577
12 173
42 568
7
25 160
70 730
46 427
8 35
31 32
123 463
90 653
9
41 413
69 142
47 797
36 398
45 614
52 5
41 30
47 149
56 352
7
26 634
66 937
74 133
6 171
101 482
26 223
63 232
11
29 459
31 689
11 642
43 633
126 635
48 752
18 631
8 244
42 176
36 410
5 498
8
8 20
38 24
108 174
85 440
12 425
22 569
93 327
59 177
9
58 253
66 15
43 305
16 734
10 844
69 943
75 896
35 207
26 624
11
15 806
3 504
101 435
13 80
14 963
14 2
21 512
17 640
40 649
103 330
50 723
7
2 743
139 847
49 743
25 205
41 122
109 521
52 17
9
21 6
13 75
41 303
35 971
6 334
80 697
86 448
19 529
29 708
10
76 257
107 892
2 212
45 794
3 425
23 671
40 925
42 844
10 542
79 9
10
12 849
33 616
19 785
94 924
48 985
84 326
12 652
93 269
7 948
15 269
12
11 392
54 941
10 91
91 870
5 389
8 878
33 77
17 497
24 609
6 945
77 339
4 300
6
24 617
184 550
57 161
6 716
13 122
30 140
5
33 446
219 12
17 578
59 32
12 916
7
32 714
110 855
119 232
16 244
23 461
1 736
93 756
8
14 139
72 685
70 696
10 116
12 375
130 805
66 785
13 769
11
58 103
37 587
4 584
43 587
30 574
31 411
11 646
18 19
109 701
54 965
13 634
9
31 866
10 42
45 301
7 698
21 634
178 155
22 311
37 157
42 261
4
178 676
1 597
212 5
16 2
6
35 792
22 602
189 441
25 6
57 771
13 487
13
54 990
39 705
46 905
72 226
2 537
3 129
41 94
11 778
1 244
56 733
37 39
2 180
22 217
9
3 326
54 267
36 255
47 922
27 101
83 882
1 165
70 314
68 249
6
58 552
7 687
122 440
3 594
36 900
56 106
6
57 287
133 479
27 441
1 492
147 343
38 608
6
5 738
87 562
35 392
68 193
81 598
98 394
8
9 374
35 38
58 17
18 987
133 750
5 273
8 672
89 837
8
57 681
23 67
15 742
91 378
11 152
8 251
68 94
30 519
9
27 24
48 651
48 982
24 654
142 256
39 736
3 265
19 747
39 609
9
43 345
70 732
42 330
11 777
146 1000
17 995
4 871
15 670
38 719
10
9 705
1 440
83 529
15 297
17 616
16 374
10 271
123 990
34 818
73 684
13
30 310
46 443
11 915
93 903
2 375
7 693
27 611
6 783
36 756
17 252
48 266
55 531
18 586
6
37 950
22 802
37 480
77 308
47 914
107 154
8
45 491
7 195
107 334
135 378
7 587
32 818
33 606
30 622
4
88 254
98 357
79 216
66 636
10
13 641
3 39
50 72
37 415
66 62
10 123
91 608
41 75
34 842
46 476
8
95 644
104 266
35 298
77 303
5 448
34 504
4 187
48 420
6
54 425
9 131
33 147
32 464
71 591
86 174
7
5 897
15 236
96 133
147 165
79 629
39 679
7 330
12
59 910
142 948
25 362
9 651
30 97
13 368
33 574
57 18
2 614
19 149
9 839
2 136
9
21 646
63 664
58 353
16 547
4 309
26 465
107 26
21 39
44 310
12
55 980
49 213
8 364
11 511
58 304
50 865
7 812
18 836
31 78
2 540
5 165
87 732
12
27 455
9 603
80 274
54 961
33 1000
18 514
8 495
2 756
18 782
48 528
24 149
62 770
7
8 803
6 829
44 718
99 345
15 896
117 530
100 649
6
209 407
30 147
10 401
22 910
49 307
41 391
9
36 878
71 428
14 508
23 773
34 299
53 796
68 619
8 489
79 236
9
116 282
5 242
11 826
42 606
48 823
26 58
28 739
60 20
21 32
7
59 853
48 620
62 682
17 111
56 217
1 710
112 652
9
12 765
2 20
5 834
100 633
50 179
5 838
57 321
42 873
4 324
4
51 803
124 554
129 880
61 604
6
7 447
188 396
61 970
14 744
72 170
4 398
8
26 848
135 85
34 405
11 399
1 297
13 216
89 622
58 969
8
16 739
77 871
33 45
35 690
82 275
16 603
38 143
6 622
10
107 789
15 753
7 74
28 25
19 361
31 277
25 741
83 246
4 507
22 140
4
25 63
9 764
267 202
27 870
9
4 706
72 609
54 680
24 590
48 899
30 409
48 177
2 784
5 590
9
10 566
13 552
1 848
56 812
51 253
34 878
21 976
122 682
64 415
9
32 770
10 113
66 157
48 800
68 587
33 6
56 401
16 89
35 889
11
28 725
17 291
17 196
8 511
47 516
29 451
51 903
17 477
36 577
1 884
102 226
7
87 552
80 543
27 874
10 114
128 912
13 484
13 593
8
39 967
23 2
133 639
44 544
51 577
10 714
37 698
24 263
9
108 177
81 577
32 737
14 934
38 566
49 170
11 973
39 641
2 684
9
6 291
27 779
16 782
11 249
107 342
15 412
40 873
35 118
120 404
8
128 963
2 27
104 889
25 374
24 940
31 201
12 610
40 723
6
92 350
48 244
24 987
64 710
93 887
2 700
9
29 275
22 852
56 814
37 22
15 548
18 539
42 687
32 857
65 230
10
5 575
8 292
10 979
22 87
12 407
39 863
117 967
35 180
26 61
89 601
9
10 270
51 254
113 447
3 158
17 353
6 318
61 974
48 128
27 726
7
40 374
118 863
31 985
8 901
38 254
34 647
20 940
6
108 30
7 643
59 581
2 588
5 606
35 526
8
1 277
1 221
2 931
40 454
93 213
21 48
141 23
70 55
8
1 539
7 443
68 545
1 43
71 948
79 566
19 414
36 836
10
39 870
45 778
25 194
35 209
63 923
26 447
6 657
9 323
104 522
6 498
8
30 540
10 209
144 603
9 458
23 104
2 986
20 208
101 725
4
35 701
6 630
29 571
134 93
3
38 310
7 559
189 521
8
2 429
79 704
67 605
8 5
64 818
12 568
45 490
46 135
5
47 665
133 806
40 888
74 171
22 528
4
60 87
110 750
48 77
97 128
5
37 398
9 25
62 254
49 230
125 878
4
31 676
14 60
4 879
79 904
5
42 965
66 523
146 253
55 963
36 749
9
2 717
3 112
68 575
144 956
23 216
46 658
14 195
33 587
10 392
6
3 125
81 278
149 268
54 758
14 107
36 117
10
16 996
46 799
99 978
7 828
15 502
56 417
24 101
34 263
38 304
8 532
5
4 801
31 453
87 743
89 96
125 126
5
54 63
84 949
2 420
147 79
17 555
5
130 503
9 896
14 205
40 887
97 371
7
146 1000
18 155
50 252
46 565
5 796
74 135
7 603
7
23 575
27 503
79 513
51 729
3 68
36 518
100 19
11
66 633
37 243
4 646
36 902
6 479
31 331
33 114
5 942
76 635
9 884
39 781
3
47 447
135 1
65 840
7
160 419
2 474
53 167
2 236
22 737
20 544
21 936
6
6 42
18 527
18 224
80 783
45 256
9 245
7
70 555
122 980
12 714
11 867
12 849
86 493
6 548
8
4 762
25 839
55 561
84 690
5 312
89 27
6 152
57 581
9
48 328
13 333
21 980
2 762
54 498
9 645
21 482
78 630
16 46
7
12 61
97 44
83 173
14 23
56 846
19 555
5 61
9
3 858
17 368
35 374
13 635
10 162
18 970
42 887
54 94
127 317
6
15 740
4 433
39 319
46 836
68 822
62 702
2
44 577
255 63
8
17 452
81 435
11 7
52 82
10 251
62 182
17 483
75 983
5
139 5
43 61
82 897
52 497
8 525
6
10 735
129 877
8 999
9 240
110 246
45 570
7
117 961
10 724
31 703
43 577
18 155
43 977
1 499
7
13 623
71 134
23 128
94 368
29 333
30 600
73 361
8
6 559
98 744
19 547
18 120
24 678
11 247
14 92
132 938
8
84 75
15 437
7 632
78 626
43 435
4 161
21 241
43 143
4
42 296
33 465
71 688
8 847
6
17 79
26 924
127 808
35 438
2 287
57 744
5
54 337
27 899
116 109
6 624
2 397
4
38 930
202 541
1 727
21 16
9
43 616
21 792
39 673
18 158
75 756
3 834
51 778
43 493
27 476
6
12 364
21 38
9 843
23 880
18 584
188 178
4
25 365
103 654
59 547
34 792
9
19 297
21 236
5 314
27 685
67 86
53 659
40 127
39 137
7 294
4
28 651
13 230
110 946
7 123
7
18 746
9 789
20 32
81 964
14 492
61 2
41 244
8
69 474
32 945
26 293
18 52
94 993
13 498
43 131
1 920
9
5 620
47 911
46 188
38 997
24 499
37 280
6 459
2 230
21 120
8
14 833
5 960
70 738
24 779
55 765
13 827
21 834
72 119
10
10 805
37 507
1 797
47 478
1 440
31 969
68 976
21 954
5 167
8 614
6
51 955
86 620
26 511
108 796
19 282
1 272
3
10 62
166 357
32 536
9
8 678
2 590
86 101
51 964
16 874
35 877
17 996
51 780
26 905
8
81 352
15 254
55 796
27 146
22 205
10 850
17 601
57 71
10
10 377
25 904
20 404
14 586
28 52
26 133
33 324
39 137
101 480
10 291
5
7 239
26 925
168 838
42 889
41 988
7
106 655
7 663
58 341
12 36
33 245
29 676
40 392
6
64 435
137 643
31 229
1 645
4 125
37 893
8
31 752
72 343
55 684
23 61
1 341
38 81
13 412
10 78
5
68 561
9 388
61 697
29 105
122 358
6
103 461
31 348
39 47
68 211
43 473
10 197
10
27 859
5 218
129 438
31 957
29 166
3 651
31 957
25 735
13 154
8 87
5
72 610
102 588
9 450
50 187
30 381
11
9 249
6 302
12 868
57 292
40 243
8 143
29 896
12 679
30 244
26 506
64 922
6
14 467
4 842
19 871
49 436
2 173
124 450
9
26 604
42 270
36 16
14 71
2 204
16 825
18 192
27 795
69 855
7
18 509
9 242
99 300
17 33
36 160
14 32
24 361
7
18 231
57 599
22 536
7 636
90 172
58 108
36 228
5
7 966
58 36
61 25
31 881
5 18
10
30 836
31 23
33 67
43 30
1 258
10 709
29 290
14 726
30 432
19 435
9
15 945
18 418
90 532
17 574
75 313
21 177
22 713
18 62
5 579
5
74 276
91 483
28 719
57 532
14 544
0
7
89 475
5 121
55 40
76 614
1 5
39 739
25 587
7
1 869
23 177
17 910
34 866
1 35
39 125
85 413
6
74 221
19 288
59 854
76 437
26 858
10 151
4
98 567
32 552
61 566
80 766
3
47 185
73 157
3 510
6
59 638
18 932
45 636
25 517
47 936
75 602
6
35 578
39 673
62 555
80 88
27 177
9 226
7
23 264
22 825
59 370
9 375
10 112
33 592
82 356
4
1 142
11 339
3 174
25 557
6
32 607
9 951
131 927
8 589
3 186
90 359
8
63 902
49 741
38 380
5 364
41 427
57 396
17 759
4 175
5
36 459
54 771
18 274
10 113
109 7
3
37 145
22 978
89 98
8
60 998
31 475
10 42
9 423
37 823
21 703
50 285
22 294
3
204 749
13 128
53 460
5
59 859
7 885
124 49
15 364
34 930
7
36 450
109 573
7 786
32 256
32 887
29 700
33 690
4
59 433
41 35
40 580
135 253
6
11 904
50 829
67 23
8 797
87 472
2 771
2
17 848
65 906
6
15 832
108 186
22 674
29 892
12 55
46 699
6
18 279
62 596
38 414
78 696
6 838
66 419
6
36 571
1 966
5 325
70 59
100 857
48 141
5
24 774
1 331
69 944
44 965
11 644
7
164 344
2 293
16 682
4 90
39 58
6 172
10 980
6
35 12
44 50
85 358
20 333
2 851
31 378
5
101 217
49 10
13 878
53 880
1 54
9
7 99
33 2
14 530
3 62
62 952
67 208
5 254
5 736
44 796
4
17 658
4 716
2 514
143 881
4
63 760
43 23
2 88
20 948
5
46 600
14 66
30 954
31 413
15 461
7
21 572
54 86
3 401
21 189
19 899
10 312
13 784
6
30 773
7 758
77 671
21 365
36 572
22 984
7
22 90
6 692
94 938
2 179
83 466
12 266
34 404
5
25 393
22 706
95 512
38 693
70 552
7
109 942
37 637
4 694
15 918
5 782
22 161
9 185
5
89 138
61 731
14 443
60 114
6 117
4
161 401
23 299
43 906
21 767
8
37 12
93 124
25 124
8 697
8 210
14 223
26 568
24 905
6
29 146
24 689
15 445
18 520
102 700
9 755
4
18 392
28 337
47 694
25 180
5
96 41
7 295
55 14
73 860
16 195
5
1 850
23 237
66 288
11 641
89 318
9
9 182
43 306
43 410
1 841
33 995
1 311
30 850
12 989
28 339
2
62 729
103 441
5
20 146
30 749
4 670
7 11
17 432
4
42 685
54 703
29 862
1 580
2
208 921
22 39
4
2 952
47 508
56 647
3 385
4
22 196
147 320
32 170
39 458
7
11 588
12 258
7 462
20 142
32 131
79 228
82 779
7
3 273
51 724
36 815
85 316
13 387
14 149
28 127
4
58 230
38 300
7 781
103 685
8
1 853
36 554
23 971
24 981
11 133
86 393
43 485
6 21
5
12 569
2 841
121 193
10 322
46 11
4
26 855
45 357
23 398
113 737
6
52 299
37 155
84 540
12 642
8 28
25 399
6
26 669
93 66
11 563
5 974
79 619
5 993
5
31 831
47 699
33 343
23 412
68 500
6
44 22
44 615
8 669
61 67
48 444
13 708
1
66 781
3
48 908
57 675
107 321
5
67 630
28 48
41 112
43 92
23 547
5
11 953
35 655
84 991
2 904
35 958
3
21 625
12 983
138 617
6
14 521
14 748
24 534
58 993
46 193
36 803
2
46 224
2 570
8
3 746
8 392
41 995
18 128
50 187
1 375
87 871
9 612
6
2 801
52 25
40 638
2 607
48 130
8 704
4
45 845
27 34
69 765
32 763
8
18 376
6 661
15 203
27 102
74 107
36 457
1 659
47 828
5
4 245
24 858
105 830
51 136
18 347
3
44 334
83 282
34 842
2
86 765
93 431
5
32 694
18 227
60 529
8 27
3 12
6
18 138
56 785
42 865
73 187
24 673
3 344
7
31 487
1 179
33 1
29 738
28 240
9 507
17 708
6
12 716
35 517
23 341
12 329
85 823
27 34
5
93 653
68 22
20 827
4 666
27 492
3
131 529
9 142
6 738
6
3 25
33 337
16 370
26 998
3 412
111 307
3
67 887
116 889
20 530
4
33 195
20 403
23 706
33 505
6
1 503
6 296
75 782
3 378
46 583
18 552
5
105 824
13 746
8 411
22 679
10 928
4
94 683
6 188
35 17
41 332
4
38 391
35 13
77 624
24 923
8
28 779
11 874
12 648
18 174
1 303
21 519
7 898
59 700
2
101 427
50 597
6
41 29
8 426
62 252
4 413
53 247
17 91
2
57 366
86 423
4
2 123
16 527
26 241
140 319
4
13 16
104 684
9 369
69 382
2
120 755
29 612
6
25 638
10 91
45 470
21 521
13 443
31 961
4
2 712
8 103
4 809
33 5
7
25 628
21 87
30 765
17 649
23 955
12 56
21 570
4
18 154
49 48
70 392
6 922
3
15 452
84 761
72 808
6
45 394
23 398
23 43
14 503
57 657
19 876
3
8 240
47 28
136 126
5
15 304
48 90
12 969
49 227
53 512
9
24 346
18 763
6 542
6 272
14 237
9 884
17 190
3 963
17 945
3
97 516
44 343
8 1
5
31 868
3 588
73 507
19 202
3 25
1
47 878
5
17 47
61 269
3 272
12 260
8 245
6
21 546
1 941
3 749
4 879
54 408
82 463
7
5 738
4 603
8 775
47 692
28 945
87 323
5 64
5
1 904
11 151
2 493
44 49
93 572
2
61 145
100 164
4
47 363
28 954
50 764
55 626
4
39 793
19 176
27 63
31 765
5
13 181
39 477
13 400
63 693
30 886
3
65 706
2 854
111 928
4
7 106
12 605
19 13
84 54
3
6 998
121 42
1 959
4
47 126
12 893
16 379
79 868
3
58 441
19 970
42 405
3
31 156
19 168
100 689
2
47 617
102 394
4
5 960
36 319
8 491
35 530
3
29 556
37 435
14 183
1
137 647
1
70 345
7
33 321
9 498
20 99
9 232
63 480
1 33
29 852
3
19 961
5 368
97 476
5
82 799
21 238
16 112
12 250
8 677
2
110 849
31 776
3
32 142
68 843
40 34
3
7 675
1 16
32 617
4
7 271
43 758
32 118
18 953
6
33 367
4 521
10 953
40 408
52 74
18 629
3
25 362
2 776
114 202
5
7 427
54 99
38 931
7 643
30 329
4
83 922
17 136
4 520
20 122
4
129 615
2 878
24 888
1 595
5
9 634
30 840
69 240
17 1
20 418
2
9 542
41 342
2
18 353
92 503
2
71 473
80 817
3
31 91
23 822
65 861
1
104 209
2
90 642
16 644
1
96 416
4
46 881
1 862
47 107
52 146
0
2
51 336
76 50
3
23 138
101 286
7 470
3
33 803
23 59
50 34
6
22 829
8 506
33 609
14 190
27 780
9 146
3
28 287
34 733
77 674
2
53 432
80 762
2
37 934
24 210
5
9 622
8 172
33 736
27 643
17 60
5
53 771
1 737
36 17
10 986
21 437
1
131 661
3
12 620
20 643
83 444
2
10 363
117 470
3
10 749
46 913
25 12
5
65 904
7 558
11 64
1 898
33 784
3
47 961
71 65
15 484
2
109 500
22 2
2
25 32
35 518
2
14 418
33 321
5
14 204
8 882
15 413
13 208
46 393
1
11 802
3
38 460
49 77
6 49
2
37 397
20 370
2
39 285
78 134
3
67 175
50 433
6 725
3
42 839
6 600
33 502
5
8 196
1 568
9 999
66 105
8 206
1
87 152
2
33 751
47 183
2
37 502
43 839
3
45 90
43 242
25 250
2
11 207
56 727
4
3 741
21 186
20 761
43 451
1
75 380
3
64 562
36 609
8 308
3
15 542
19 779
62 850
4
38 789
32 486
7 920
14 261
3
2 121
94 189
15 250
1
59 107
1
3 598
1
55 532
3
44 852
21 554
32 742
1
84 405
4
2 416
7 307
89 41
4 458
0
2
22 399
41 299
3
72 221
14 56
16 107
2
54 389
7 430
2
6 365
30 993
1
46 859
2
45 166
45 992
3
45 201
18 123
34 116
3
38 161
30 543
15 188
1
91 711
1
36 847
0
2
12 521
12 972
3
18 294
50 767
12 203
4
8 87
52 989
3 270
7 479
0
2
26 948
17 43
2
25 817
25 44
4
12 861
13 289
6 844
22 149
2
13 51
67 129
0
1
36 86
2
50 834
29 504
1
45 117
1
41 332
2
74 940
3 940
0
1
54 867
1
60 79
2
45 535
7 409
1
74 893
1
19 808
2
14 735
37 212
2
13 75
8 390
2
21 335
10 216
3
15 629
27 586
23 279
0
0
3
18 347
26 494
20 208
1
34 587
2
11 727
29 215
1
45 241
1
5 512
0
3
34 371
11 184
9 956
0
1
36 388
1
18 608
3
5 914
15 35
33 705
1
15 15
1
33 893
0
0
1
47 83
1
7 810
1
5 963
2
11 537
24 79
0
0
2
13 515
7 542
0
0
1
26 317
1
19 656
1
15 441
0
1
23 900
1
30 689
0
0
0
0
0
2
27 799
1 368
0
1
19 930
2
26 395
1 447
1
25 110
0
0
0
2
13 957
3 418
0
0
0
0
0
2
6 565
3 736
1
2 35
0
0
1
13 201
0
0
0
0
0
1
5 123
0
0
0
0
0
0
0
77660
-410213
112696
30575
229657
-46912
-187591
-158833
-61968
207429
-213215
255299
71643
136803
-140780
104830
131631
21551
458053
-316167
11313
24566
-314392
180988
-87222
-96536
-136605
4434
103798
-20894
-276904
-8530
-201011
-351077
-645148
67577
-91525
103505
-70128
-268669
219534
252287
-147200
-304231
438672
-201581
-422076
372113
-369693
316528
-19438
70202
76127
148629
-510324
-53457
60135
-457343
119566
331260
273768
-331767
365835
-356731
-200473
-204250
286775
-271342
220060
346570
43693
-110784
99984
261678
-79094
238208
78429
-693191
-39274
-224346
-243433
334111
-44763
-280249
-150642
43269
438617
-145853
135877
-380255
-832081
89032
254160
-422034
-73742
-89440
318095
-271978
182363
-273825
-139155
-80464
-21177
54471
329272
-33265
63742
-132082
-199282
188886
-150588
-208409
-164363
-168687
-324129
-81934
-16213
236083
-149692
-362895
-698286
-493194
257176
-242262
70212
-263586
339370
-10154
60735
-76064
-114170
232598
-194766
286929
313916
40289
195418
-32368
-31625
196028
-15204
740424
-318819
63702
-204497
250563
2718
-183625
232928
-82234
44611
89191
154493
196962
108810
30331
-166449
494543
-318542
342046
73676
232403
-320816
417615
269704
-250636
142497
-161795
-137589
-277712
-165231
-76678
119517
142910
-1227
124706
-269249
-461263
-239249
-53536
-229048
345493
-144066
105916
-4336
-56274
407309
-149034
-48866
131823
58022
354868
-180930
405674
138379
188743
-361775
268115
-37780
400274
-21101
277556
-106868
128106
-696457
154824
-129262
-28774
49153
319537
164926
17501
103672
316135
-373885
568255
369197
-200187
40367
-295732
518314
132857
169762
-309525
-352829
-330535
-297942
162148
137863
163587
-345022
160574
329715
335278
-176662
111749
69251
-127824
-74505
162062
-251946
260675
181373
-125089
28677
61785
169587
-216243
-51111
-97953
130054
118664
-443128
90070
-107728
292984
111393
251109
-170585
216907
216913
-221563
344384
518861
-265584
-446812
-111843
22337
104887
-56887
422966
31041
399212
-342841
-18660
84289
-370478
-409422
207358
-308266
-94367
-76725
20128
140310
43142
-22360
355222
109809
24719
-53992
231634
-24111
25352
-105337
-361905
15265
37068
39308
-117184
221188
-250908
9831
194499
-237031
178152
-210802
115913
409379
18561
-13127
-438315
50048
-102835
174320
158632
340242
-127638
38439
-19632
110833
36995
478504
238400
70244
115185
-527943
-91846
281875
-27283
-214713
-248394
294039
65373
-185588
-320207
32941
-5640
59721
197346
80385
145272
102449
-125416
-392464
123266
72426
-438535
-168169
62972
-509906
290838
88065
-279555
754941
228809
26224
68350
-105778
-219596
-273881
7231
-3584
354407
-43142
88460
22268
-239481
25061
462596
164588
-387301
-98542
-265185
128893
34331
14741
31406
125034
-64856
93981
-96278
-186967
-42987
-417021
66248
-371633
230240
-349898
-271348
-326338
221263
-226579
54315
-129237
-104628
-240913
-61075
88984
-371096
-405863
-124708
816013
89392
246621
-66537
461226
196178
215466
7645
-74324
-82149
-551538
-26307
-180761
-168476
79179
41968
52382
445816
271314
142888
-428135
-401536
-481283
143825
332030
-108457
109604
-118512
-47974
-115958
-218857
-343203
178552
-81039
-383784
116959
365754
-31208
25519
-127412
-271622
-47684
-230057
-35409
-179380
-295319
24815
-256223
-247461
-193839
-370310
171834
40176
-176873
296247
58985
-155333
-152858
-2323
-287156
-649245
-198323
-137074
-305074
20083
664760
-265111
180088
114108
-721634
-108275
223446
-229451
-221457
120784
-317630
-197746
-113441
72250
-18936
-214033
-182301
-475123
-337965
-254494
-62861
-439586
58505
-29862
-137092
100448
240079
-123074
293355
330119
-92882
-310827
-622690
-363750
329724
101912
-89112
-276338
-185235
185413
-1000000
-147662
49753
462193
-156045
131197
164887
19095
420738
506651
228453
89971
39939
307020
-9067
-250490
-62065
504430
-446545
47196
-313907
-114626
-123463
-479885
15941
35311
-54094
-189681
95493
-298750
387432
-78310
57543
142424
-530297
-247255
-60191
-17332
29231
-29932
-168228
26849
122102
371441
62679
-199312
21437
-337858
-40779
175526
-204725
-124737
177156
-55663
-240395
-182238
330844
-94115
32337
-396560
-327177
-79346
-472679
96519
-83926
-268391
40873
40610
241343
54971
-167845
91519
-30577
251020
-158174
343770
-91989
-49801
-315904
150752
297941
-15643
-93651
-762683
99752
-275001
87654
187162
445609
-99202
-99878
100895
-130341
-184768
19495
344864
73443
-90649
-99662
253561
-31543
135620
306579
11541
-49820
-208616
63062
245199
-72857
105388
225413
-288666
-141866
-180159
-219256
-83680
307241
-56852
273408
-104808
-223039
-22398
6418
271434
-73896
628142
-370744
-342706
27971
-168092
79412
132498
21419
31090
-4726
5096
125732
32624
110686
175879
229891
-284705
-187296
420097
-328777
-63366
-155848
207985
-166701
273783
228812
-117955
86658
60028
-56805
-170739
-177665
450950
82884
-31916
409260
54142
402923
-365397
97868
701843
-642797
137750
400513
-517289
-111903
-102376
368060
234498
-438647
-360079
-63434
-49733
276350
23766
-185215
104781
-323948
223245
-143704
8740
-17221
103707
-181568
-204883
335302
438648
139844
-547645
241345
184293
-221846
-25858
397244
-206816
-370844
-117905
177249
-113722
92830
146867
-424417
-117622
-933389
-3451
984107
199181
-71501
-72762
-93349
144933
25156
-295713
-310639
245322
291073
-139762
-300920
69945
471876
-111713
-144504
-268826
561807
124589
375307
-122444
-279406
67438
-430537
-212618
123831
176050
145822
-2798
172697
-649887
175446
272403
68059
58333
28797
-31431
81416
176627
-179217
135605
-314583
123083
-115860
-339978
190733
315979
8203
-118928
219707
-99895
47548
-274586
36577
262369
125358
203523
-286343
-53235
-291089
-8720
69320
-334104
276484
-212003
-112639
320568
350932
90079
742412
28811
-147937
331250
-20551
45406
59481
38788
674744
103713
326446
-208766
-272149
226518
-227992
77385
154292
-169730
-92423
-94345
-282115
-262051
111278
-137789
35450
430356
512841
239671
-296477
-191614
261711
118111
119610
-16656
-148988
402323
249905
-54816
-290773
228151
-346247
482013
-64725
337512
81107
-190599
294969
252163
256080
-25832
249772
-56744
12644
-64249
212630
-345776
214226
67330
-13803
120002
166402
-79951
49641
69761
-181415
227478
90693
-67534
36409
-207788
-71443
-42747
806347
122603
166411
372120
-154607
362991
224030
719835
-114606
215209
-194054
-17356
-60443
-309692
299608
5068
-14207
-74412
-5683
38115
177254
-69492
354633
-451715
111650
101966
325553
-143414
209875
347635
44058
170261
-183776
331953
118806
527567
-672534
-280102
597418
79334
301102
-277097
-87983
79737
-177521
32289
-23360
-43354
7148
-112545
-156562
59015
165442
82621
23238
-909774
-25750
283556
-220933
-467756
246441
-180264
-108702
132708
90474
-13005
-97806
234540
365144
226572
-358895
-13113
-200725
281566
-240433
155018
-45838
117466
121134
-265532
183885
501202
-49886
-66021
205918
148120
239190
-363984
-1974
159768
-53298
-28883
368656
4440
80565
263401
102187
154230
-188345
-132035
342906
-357648
-101879
30399
195597
303178
-106523
-30222
113226
31852
-240118
-182795
106987
5925
382465
83928
105398
-68071
368866
-165247
-142979
398937
-409944
151937
26572
141966
23083
-61857
251138
-3638
-342130
307459
235456
160967
-24947
-61951
325527
224235
439467
170232
65833
-237499
